0
1
        5.020         0.374       339.143       339.352       339.420       339.301       339.068       338.776       338.441
        5.010         0.384       338.833       339.038       339.114       339.028       338.805       338.511       338.171
        5.000         0.394       338.485       338.689       338.773       338.720       338.513       338.223       337.880
        4.990         0.404       338.104       338.309       338.401       338.375       338.192       337.910       337.567
        4.980         0.414       337.694       337.900       338.001       337.994       337.842       337.572       337.234
        4.970         0.424       337.255       337.464       337.574       337.581       337.461       337.208       336.879
        4.960         0.434       336.791       337.002       337.120       337.141       337.050       336.819       336.504
        4.950         0.444       336.302       336.516       336.642       336.675       336.608       336.405       336.107
        4.940         0.454       335.790       336.007       336.141       336.186       336.136       335.965       335.691
        4.930         0.464       335.256       335.476       335.616       335.672       335.638       335.501       335.254
        4.920         0.474       334.700       334.924       335.071       335.137       335.118       335.012       334.796
        4.910         0.484       334.124       334.351       334.504       334.580       334.577       334.498       334.319
        4.900         0.494       333.528       333.759       333.918       334.003       334.017       333.963       333.821
        4.890         0.504       332.913       333.147       333.312       333.407       333.440       333.410       333.304
        4.880         0.514       332.279       332.517       332.688       332.794       332.847       332.841       332.766
        4.870         0.524       331.627       331.869       332.046       332.167       332.239       332.256       332.210
        4.860         0.534       330.959       331.204       331.388       331.527       331.619       331.658       331.638
        4.850         0.544       330.280       330.521       330.719       330.875       330.986       331.047       331.052
        4.840         0.554       329.591       329.826       330.039       330.213       330.343       330.425       330.453
        4.830         0.564       328.897       329.129       329.353       329.542       329.690       329.792       329.842
        4.820         0.574       328.201       328.432       328.661       328.865       329.029       329.150       329.221
        4.810         0.584       327.503       327.735       327.966       328.181       328.361       328.499       328.591
        4.800         0.594       326.806       327.038       327.269       327.493       327.686       327.841       327.951
        4.790         0.604       326.109       326.341       326.572       326.801       327.006       327.176       327.303
        4.780         0.614       325.412       325.644       325.875       326.106       326.321       326.504       326.648
        4.770         0.624       324.715       324.946       325.178       325.410       325.632       325.828       325.987
        4.760         0.634       324.018       324.249       324.481       324.713       324.941       325.147       325.319
        4.750         0.644       323.321       323.552       323.784       324.016       324.247       324.461       324.646
        4.740         0.654       322.624       322.855       323.087       323.319       323.551       323.773       323.968
        4.730         0.664       321.927       322.158       322.390       322.622       322.855       323.081       323.287
        4.720         0.674       321.230       321.462       321.694       321.926       322.158       322.388       322.601
        4.710         0.684       320.533       320.765       320.997       321.229       321.461       321.693       321.913
        4.700         0.694       319.836       320.068       320.300       320.532       320.764       320.996       321.222
        4.690         0.704       319.139       319.371       319.603       319.835       320.068       320.300       320.529
        4.680         0.714       318.442       318.674       318.906       319.138       319.371       319.603       319.835
        4.670         0.724       317.745       317.977       318.209       318.442       318.674       318.907       319.139
        4.660         0.734       317.048       317.280       317.513       317.745       317.978       318.210       318.443
        4.650         0.744       316.351       316.584       316.816       317.048       317.281       317.513       317.746
        4.640         0.754       315.655       315.887       316.119       316.352       316.584       316.817       317.050
        4.630         0.764       314.958       315.190       315.423       315.655       315.888       316.120       316.353
        4.620         0.774       314.261       314.493       314.726       314.959       315.191       315.424       315.657
        4.610         0.784       313.564       313.797       314.029       314.262       314.495       314.727       314.960
        4.600         0.794       312.868       313.100       313.333       313.565       313.798       314.031       314.264
        4.590         0.804       312.171       312.404       312.636       312.869       313.102       313.335       313.568
        4.580         0.814       311.474       311.707       311.940       312.172       312.405       312.638       312.871
        4.570         0.824       310.778       311.010       311.243       311.476       311.709       311.942       312.176
        4.560         0.834       310.081       310.314       310.546       310.779       311.012       311.245       311.480
        4.550         0.844       309.384       309.617       309.850       310.083       310.316       310.549       310.785
        4.540         0.854       308.688       308.921       309.154       309.387       309.620       309.854       310.091
        4.530         0.864       307.991       308.224       308.457       308.690       308.923       309.159       309.397
        4.520         0.874       307.295       307.528       307.761       307.994       308.227       308.464       308.703
        4.510         0.884       306.598       306.831       307.064       307.298       307.532       307.770       308.010
        4.500         0.894       305.902       306.135       306.368       306.601       306.837       307.076       307.317
        4.490         0.904       305.205       305.438       305.672       305.905       306.143       306.383       306.624
        4.480         0.914       304.509       304.742       304.975       305.211       305.450       305.691       305.932
        4.470         0.924       303.813       304.046       304.279       304.517       304.757       304.998       305.240
        4.460         0.934       303.118       303.349       303.584       303.824       304.065       304.307       304.549
        4.450         0.944       302.426       302.653       302.890       303.132       303.374       303.616       303.858
        4.440         0.954       301.735       301.957       302.199       302.441       302.683       302.925       303.167
        4.430         0.964       301.047       301.273       301.509       301.751       301.993       302.235       302.477
        4.420         0.974       300.360       300.589       300.821       301.062       301.303       301.545       301.787
        4.410         0.984       299.675       299.905       300.135       300.373       300.614       300.856       301.098
        4.400         0.994       298.991       299.221       299.451       299.686       299.926       300.167       300.409
        4.390         1.004       298.307       298.537       298.767       299.000       299.238       299.479       299.720
        4.380         1.014       297.623       297.853       298.084       298.315       298.552       298.791       299.032
        4.370         1.024       296.939       297.170       297.400       297.630       297.865       298.104       298.344
        4.360         1.034       296.256       296.486       296.716       296.947       297.180       297.417       297.657
        4.350         1.044       295.572       295.802       296.033       296.263       296.495       296.731       296.970
        4.340         1.054       294.888       295.118       295.349       295.579       295.810       296.045       296.283
        4.330         1.064       294.204       294.435       294.665       294.896       295.126       295.360       295.597
        4.320         1.074       293.521       293.751       293.982       294.212       294.443       294.675       294.911
        4.310         1.084       292.837       293.067       293.298       293.529       293.759       293.991       294.226
        4.300         1.094       292.153       292.384       292.614       292.845       293.076       293.307       293.541
        4.290         1.104       291.470       291.700       291.931       292.162       292.392       292.623       292.856
        4.280         1.114       290.786       291.017       291.247       291.478       291.709       291.940       292.172
        4.270         1.124       290.102       290.333       290.564       290.795       291.026       291.257       291.488
        4.260         1.134       289.419       289.649       289.880       290.111       290.342       290.573       290.805
        4.250         1.144       288.735       288.966       289.197       289.428       289.659       289.890       290.121
        4.240         1.154       288.052       288.282       288.513       288.744       288.976       289.207       289.438
        4.230         1.164       287.368       287.599       287.830       288.061       288.292       288.523       288.755
        4.220         1.174       286.685       286.915       287.147       287.378       287.609       287.840       288.072
        4.210         1.184       286.001       286.232       286.463       286.694       286.926       287.157       287.388
        4.200         1.194       285.318       285.549       285.780       286.011       286.242       286.474       286.705
        4.190         1.204       284.634       284.865       285.097       285.328       285.559       285.791       286.022
        4.180         1.214       283.951       284.182       284.413       284.645       284.876       285.108       285.339
        4.170         1.224       283.267       283.499       283.730       283.961       284.193       284.424       284.656
        4.160         1.234       282.584       282.815       283.047       283.278       283.510       283.741       283.973
        4.150         1.244       281.901       282.132       282.363       282.595       282.827       283.058       283.290
        4.140         1.254       281.217       281.449       281.680       281.912       282.143       282.375       282.607
        4.130         1.264       280.534       280.766       280.997       281.229       281.460       281.692       281.924
        4.120         1.274       279.851       280.082       280.314       280.545       280.777       281.009       281.241
        4.110         1.284       279.168       279.399       279.631       279.862       280.094       280.326       280.558
        4.100         1.294       278.484       278.716       278.948       279.179       279.411       279.643       279.875
        4.090         1.304       277.801       278.033       278.265       278.496       278.728       278.960       279.192
        4.080         1.314       277.118       277.350       277.581       277.813       278.045       278.277       278.509
        4.070         1.324       276.435       276.667       276.898       277.130       277.362       277.595       277.827
        4.060         1.334       275.752       275.983       276.215       276.447       276.679       276.912       277.144
        4.050         1.344       275.069       275.300       275.532       275.764       275.997       276.229       276.461
        4.040         1.354       274.385       274.617       274.849       275.082       275.314       275.546       275.778
        4.030         1.364       273.702       273.934       274.166       274.399       274.631       274.863       275.096
        4.020         1.374       273.019       273.251       273.484       273.716       273.948       274.180       274.413
        4.010         1.384       272.336       272.568       272.801       273.033       273.265       273.498       273.730
        4.000         1.394       271.653       271.885       272.118       272.350       272.582       272.815       273.047
        3.990         1.404       270.970       271.203       271.435       271.667       271.900       272.132       272.365
        3.980         1.414       270.287       270.520       270.752       270.984       271.217       271.449       271.682
        3.970         1.424       269.605       269.837       270.069       270.302       270.534       270.767       271.000
        3.960         1.434       268.922       269.154       269.386       269.619       269.852       270.084       270.317
        3.950         1.444       268.239       268.471       268.704       268.936       269.169       269.402       269.634
        3.940         1.454       267.556       267.788       268.021       268.253       268.486       268.719       268.952
        3.930         1.464       266.873       267.106       267.338       267.571       267.804       268.036       268.269
        3.920         1.474       266.190       266.423       266.655       266.888       267.121       267.354       267.587
        3.910         1.484       265.507       265.740       265.973       266.206       266.438       266.671       266.904
        3.900         1.494       264.825       265.057       265.290       265.523       265.756       265.989       266.222
        3.890         1.504       264.142       264.375       264.607       264.840       265.073       265.306       265.540
        3.880         1.514       263.459       263.692       263.925       264.158       264.391       264.624       264.857
        3.870         1.524       262.777       263.009       263.242       263.475       263.708       263.941       264.175
        3.860         1.534       262.094       262.327       262.560       262.793       263.026       263.259       263.492
        3.850         1.544       261.411       261.644       261.877       262.110       262.343       262.577       262.810
        3.840         1.554       260.729       260.962       261.195       261.428       261.661       261.894       262.128
        3.830         1.564       260.046       260.279       260.512       260.745       260.979       261.212       261.445
        3.820         1.574       259.363       259.596       259.830       260.063       260.296       260.530       260.763
        3.810         1.584       258.681       258.914       259.147       259.381       259.614       259.847       260.081
        3.800         1.594       257.998       258.232       258.465       258.698       258.932       259.165       259.399
        3.790         1.604       257.316       257.549       257.782       258.016       258.249       258.483       258.717
        3.780         1.614       256.633       256.867       257.100       257.334       257.567       257.801       258.034
        3.770         1.624       255.951       256.184       256.418       256.651       256.885       257.118       257.352
        3.760         1.634       255.268       255.502       255.735       255.969       256.203       256.436       256.670
        3.750         1.644       254.586       254.820       255.053       255.287       255.520       255.754       255.988
        3.740         1.654       253.904       254.137       254.371       254.604       254.838       255.072       255.306
        3.730         1.664       253.221       253.455       253.688       253.922       254.156       254.390       254.624
        3.720         1.674       252.539       252.773       253.006       253.240       253.474       253.708       253.942
        3.710         1.684       251.857       252.090       252.324       252.558       252.792       253.026       253.260
        3.700         1.694       251.174       251.408       251.642       251.876       252.110       252.344       252.578
        3.690         1.704       250.492       250.726       250.960       251.194       251.428       251.662       251.896
        3.680         1.714       249.810       250.044       250.278       250.512       250.746       250.980       251.214
        3.670         1.724       249.128       249.361       249.595       249.829       250.064       250.298       250.532
        3.660         1.734       248.445       248.679       248.913       249.147       249.382       249.616       249.850
        3.650         1.744       247.763       247.997       248.231       248.465       248.700       248.934       249.168
        3.640         1.754       247.081       247.315       247.549       247.783       248.018       248.252       248.486
        3.630         1.764       246.399       246.633       246.867       247.101       247.336       247.570       247.805
        3.620         1.774       245.717       245.951       246.185       246.419       246.654       246.888       247.123
        3.610         1.784       245.035       245.269       245.503       245.737       245.972       246.206       246.441
        3.600         1.794       244.353       244.587       244.821       245.056       245.290       245.525       245.759
        3.590         1.804       243.671       243.905       244.139       244.374       244.608       244.843       245.076
        3.580         1.814       242.989       243.223       243.457       243.692       243.926       244.161       244.393
        3.570         1.824       242.307       242.541       242.775       243.010       243.245       243.479       243.710
        3.560         1.834       241.625       241.859       242.094       242.328       242.563       242.796       243.026
        3.550         1.844       240.943       241.177       241.412       241.646       241.881       242.113       242.341
        3.540         1.854       240.261       240.495       240.730       240.965       241.199       241.429       241.656
        3.530         1.864       239.579       239.813       240.048       240.283       240.516       240.744       240.970
        3.520         1.874       238.897       239.132       239.366       239.601       239.832       240.059       240.284
        3.510         1.884       238.215       238.450       238.685       238.919       239.147       239.373       239.597
        3.500         1.894       237.533       237.768       238.003       238.235       238.461       238.686       238.910
        3.490         1.904       236.851       237.086       237.321       237.550       237.775       237.999       238.222
        3.480         1.914       236.166       236.404       236.638       236.864       237.087       237.311       237.534
        3.470         1.924       235.479       235.723       235.952       236.176       236.399       236.622       236.845
        3.460         1.934       234.789       235.041       235.264       235.487       235.710       235.933       236.156
        3.450         1.944       234.096       234.342       234.573       234.797       235.020       235.243       235.466
        3.440         1.954       233.401       233.642       233.879       234.105       234.329       234.553       234.776
        3.430         1.964       232.703       232.943       233.183       233.412       233.637       233.861       234.085
        3.420         1.974       232.004       232.244       232.484       232.718       232.945       233.170       233.394
        3.410         1.984       231.304       231.544       231.785       232.022       232.251       232.477       232.702
        3.400         1.994       230.605       230.845       231.086       231.325       231.557       231.784       232.010
        3.390         2.004       229.906       230.146       230.387       230.627       230.861       231.090       231.317
        3.380         2.014       229.206       229.447       229.687       229.928       230.165       230.396       230.624
        3.370         2.024       228.507       228.748       228.988       229.229       229.468       229.701       229.930
        3.360         2.034       227.808       228.048       228.289       228.530       228.770       229.005       229.236
        3.350         2.044       227.109       227.349       227.590       227.831       228.072       228.309       228.541
        3.340         2.054       226.410       226.650       226.891       227.132       227.373       227.612       227.845
        3.330         2.064       225.710       225.951       226.192       226.433       226.674       226.914       227.150
        3.320         2.074       225.011       225.252       225.493       225.734       225.975       226.216       226.453
        3.310         2.084       224.312       224.553       224.794       225.035       225.276       225.517       225.756
        3.300         2.094       223.613       223.854       224.095       224.336       224.577       224.818       225.059
        3.290         2.104       222.914       223.155       223.396       223.637       223.878       224.120       224.361
        3.280         2.114       222.215       222.456       222.697       222.938       223.180       223.421       223.662
        3.270         2.124       221.516       221.757       221.998       222.239       222.481       222.722       222.964
        3.260         2.134       220.817       221.058       221.299       221.541       221.782       222.023       222.265
        3.250         2.144       220.118       220.359       220.601       220.842       221.083       221.325       221.566
        3.240         2.154       219.419       219.660       219.902       220.143       220.385       220.626       220.868
        3.230         2.164       218.720       218.962       219.203       219.444       219.686       219.927       220.169
        3.220         2.174       218.021       218.263       218.504       218.746       218.987       219.229       219.471
        3.210         2.184       217.323       217.564       217.805       218.047       218.289       218.530       218.772
        3.200         2.194       216.624       216.865       217.107       217.348       217.590       217.832       218.073
        3.190         2.204       215.925       216.166       216.408       216.650       216.891       217.133       217.375
        3.180         2.214       215.226       215.468       215.709       215.951       216.193       216.435       216.676
        3.170         2.224       214.527       214.769       215.011       215.252       215.494       215.736       215.978
        3.160         2.234       213.829       214.070       214.312       214.554       214.796       215.038       215.280
        3.150         2.244       213.130       213.372       213.613       213.855       214.097       214.339       214.581
        3.140         2.254       212.431       212.673       212.915       213.157       213.399       213.641       213.883
        3.130         2.264       211.733       211.974       212.216       212.458       212.700       212.942       213.184
        3.120         2.274       211.034       211.276       211.518       211.760       212.002       212.244       212.486
        3.110         2.284       210.335       210.577       210.819       211.061       211.303       211.546       211.788
        3.100         2.294       209.637       209.879       210.121       210.363       210.605       210.847       211.090
        3.090         2.304       208.938       209.180       209.422       209.664       209.907       210.149       210.393
        3.080         2.314       208.240       208.482       208.724       208.966       209.208       209.451       209.697
        3.070         2.324       207.541       207.783       208.025       208.268       208.510       208.753       209.002
        3.060         2.334       206.842       207.085       207.327       207.569       207.812       208.056       208.307
        3.050         2.344       206.144       206.386       206.628       206.871       207.113       207.361       207.614
        3.040         2.354       205.445       205.688       205.930       206.173       206.416       206.666       206.921
        3.030         2.364       204.747       204.989       205.232       205.474       205.720       205.973       206.229
        3.020         2.374       204.049       204.291       204.533       204.776       205.025       205.280       205.538
        3.010         2.384       203.350       203.593       203.835       204.079       204.332       204.589       204.848
        3.000         2.394       202.652       202.894       203.137       203.384       203.640       203.898       204.158
        2.990         2.404       201.954       202.196       202.439       202.691       202.949       203.209       203.470
        2.980         2.414       201.260       201.498       201.743       202.000       202.260       202.521       202.782
        2.970         2.424       200.571       200.800       201.051       201.311       201.572       201.834       202.095
        2.960         2.434       199.885       200.101       200.363       200.624       200.886       201.148       201.410
        2.950         2.444       199.204       199.430       199.679       199.940       200.201       200.463       200.724
        2.940         2.454       198.526       198.759       199.000       199.257       199.517       199.779       200.040
        2.930         2.464       197.853       198.088       198.324       198.577       198.835       199.096       199.357
        2.920         2.474       197.182       197.417       197.653       197.898       198.155       198.414       198.674
        2.910         2.484       196.511       196.746       196.982       197.222       197.475       197.733       197.992
        2.900         2.494       195.840       196.076       196.311       196.548       196.797       197.053       197.312
        2.890         2.504       195.169       195.405       195.640       195.875       196.121       196.374       196.631
        2.880         2.514       194.498       194.734       194.969       195.205       195.445       195.697       195.952
        2.870         2.524       193.828       194.063       194.298       194.534       194.772       195.020       195.274
        2.860         2.534       193.157       193.392       193.628       193.863       194.099       194.344       194.596
        2.850         2.544       192.486       192.721       192.957       193.192       193.428       193.670       193.920
        2.840         2.554       191.815       192.051       192.286       192.522       192.758       192.996       193.244
        2.830         2.564       191.144       191.380       191.615       191.851       192.087       192.324       192.569
        2.820         2.574       190.473       190.709       190.945       191.181       191.416       191.652       191.895
        2.810         2.584       189.803       190.038       190.274       190.510       190.746       190.982       191.222
        2.800         2.594       189.132       189.368       189.604       189.839       190.075       190.311       190.549
        2.790         2.604       188.461       188.697       188.933       189.169       189.405       189.641       189.878
        2.780         2.614       187.791       188.026       188.262       188.498       188.734       188.971       189.207
        2.770         2.624       187.120       187.356       187.592       187.828       188.064       188.300       188.536
        2.760         2.634       186.449       186.685       186.921       187.157       187.394       187.630       187.866
        2.750         2.644       185.779       186.015       186.251       186.487       186.723       186.959       187.196
        2.740         2.654       185.108       185.344       185.580       185.816       186.053       186.289       186.526
        2.730         2.664       184.438       184.674       184.910       185.146       185.382       185.619       185.855
        2.720         2.674       183.767       184.003       184.239       184.476       184.712       184.949       185.185
        2.710         2.684       183.096       183.333       183.569       183.805       184.042       184.278       184.515
        2.700         2.694       182.426       182.662       182.899       183.135       183.371       183.608       183.845
        2.690         2.704       181.755       181.992       182.228       182.465       182.701       182.938       183.175
        2.680         2.714       181.085       181.321       181.558       181.794       182.031       182.268       182.504
        2.670         2.724       180.415       180.651       180.888       181.124       181.361       181.598       181.834
        2.660         2.734       179.744       179.981       180.217       180.454       180.691       180.927       181.164
        2.650         2.744       179.074       179.310       179.547       179.784       180.020       180.257       180.494
        2.640         2.754       178.404       178.640       178.877       179.113       179.350       179.587       179.824
        2.630         2.764       177.733       177.970       178.206       178.443       178.680       178.917       179.154
        2.620         2.774       177.063       177.300       177.536       177.773       178.010       178.247       178.484
        2.610         2.784       176.393       176.629       176.866       177.103       177.340       177.577       177.814
        2.600         2.794       175.722       175.959       176.196       176.433       176.670       176.907       177.144
        2.590         2.804       175.052       175.289       175.526       175.763       176.000       176.237       176.474
        2.580         2.814       174.382       174.619       174.856       175.093       175.330       175.567       175.804
        2.570         2.824       173.712       173.949       174.186       174.423       174.660       174.897       175.134
        2.560         2.834       173.041       173.278       173.516       173.753       173.990       174.227       174.465
        2.550         2.844       172.371       172.608       172.845       173.083       173.320       173.557       173.795
        2.540         2.854       171.701       171.938       172.175       172.413       172.650       172.887       173.125
        2.530         2.864       171.031       171.268       171.505       171.743       171.980       172.218       172.455
        2.520         2.874       170.361       170.598       170.835       171.073       171.310       171.548       171.785
        2.510         2.884       169.691       169.928       170.166       170.403       170.640       170.878       171.116
        2.500         2.894       169.021       169.258       169.496       169.733       169.971       170.208       170.446
        2.490         2.904       168.351       168.588       168.826       169.063       169.301       169.538       169.776
        2.480         2.914       167.681       167.918       168.156       168.393       168.631       168.869       169.107
        2.470         2.924       167.011       167.248       167.486       167.724       167.961       168.199       168.437
        2.460         2.934       166.341       166.579       166.816       167.054       167.292       167.529       167.767
        2.450         2.944       165.671       165.909       166.146       166.384       166.622       166.860       167.098
        2.440         2.954       165.001       165.239       165.477       165.714       165.952       166.190       166.428
        2.430         2.964       164.331       164.569       164.807       165.045       165.282       165.520       165.759
        2.420         2.974       163.661       163.899       164.137       164.375       164.613       164.851       165.089
        2.410         2.984       162.992       163.229       163.467       163.705       163.943       164.181       164.420
        2.400         2.994       162.322       162.560       162.798       163.036       163.274       163.512       163.750
        2.390         3.004       161.652       161.890       162.128       162.366       162.604       162.842       163.081
        2.380         3.014       160.982       161.220       161.458       161.696       161.935       162.173       162.411
        2.370         3.024       160.313       160.551       160.789       161.027       161.265       161.503       161.742
        2.360         3.034       159.643       159.881       160.119       160.357       160.596       160.834       161.072
        2.350         3.044       158.973       159.211       159.449       159.688       159.926       160.164       160.403
        2.340         3.054       158.303       158.542       158.780       159.018       159.257       159.495       159.734
        2.330         3.064       157.634       157.872       158.110       158.349       158.587       158.826       159.064
        2.320         3.074       156.964       157.202       157.441       157.679       157.918       158.156       158.395
        2.310         3.084       156.295       156.533       156.771       157.010       157.248       157.487       157.726
        2.300         3.094       155.625       155.863       156.102       156.340       156.579       156.818       157.056
        2.290         3.104       154.956       155.194       155.432       155.671       155.910       156.148       156.387
        2.280         3.114       154.286       154.524       154.763       155.002       155.240       155.479       155.718
        2.270         3.124       153.617       153.855       154.094       154.332       154.571       154.810       155.049
        2.260         3.134       152.947       153.186       153.424       153.663       153.902       154.141       154.380
        2.250         3.144       152.278       152.516       152.755       152.994       153.233       153.471       153.710
        2.240         3.154       151.608       151.847       152.086       152.324       152.563       152.802       153.041
        2.230         3.164       150.939       151.177       151.416       151.655       151.894       152.133       152.372
        2.220         3.174       150.269       150.508       150.747       150.986       151.225       151.464       151.703
        2.210         3.184       149.600       149.839       150.078       150.317       150.556       150.795       151.034
        2.200         3.194       148.931       149.170       149.408       149.648       149.887       150.126       150.365
        2.190         3.204       148.261       148.500       148.739       148.978       149.218       149.457       149.696
        2.180         3.214       147.592       147.831       148.070       148.309       148.548       148.788       149.027
        2.170         3.224       146.923       147.162       147.401       147.640       147.879       148.119       148.358
        2.160         3.234       146.253       146.493       146.732       146.971       147.210       147.450       147.689
        2.150         3.244       145.584       145.823       146.063       146.302       146.541       146.781       147.020
        2.140         3.254       144.915       145.154       145.394       145.633       145.872       146.112       146.351
        2.130         3.264       144.246       144.485       144.724       144.964       145.203       145.443       145.683
        2.120         3.274       143.577       143.816       144.055       144.295       144.534       144.774       145.013
        2.110         3.284       142.908       143.147       143.386       143.626       143.865       144.105       144.343
        2.100         3.294       142.238       142.478       142.717       142.957       143.197       143.436       143.672
        2.090         3.304       141.569       141.809       142.048       142.288       142.528       142.767       143.001
        2.080         3.314       140.900       141.140       141.379       141.619       141.859       142.097       142.328
        2.070         3.324       140.231       140.471       140.711       140.950       141.190       141.425       141.655
        2.060         3.334       139.562       139.802       140.042       140.281       140.520       140.753       140.981
        2.050         3.344       138.893       139.133       139.373       139.613       139.850       140.079       140.306
        2.040         3.354       138.224       138.464       138.704       138.944       139.177       139.405       139.630
        2.030         3.364       137.555       137.795       138.035       138.274       138.504       138.729       138.953
        2.020         3.374       136.886       137.126       137.366       137.602       137.829       138.053       138.276
        2.010         3.384       136.217       136.457       136.697       136.928       137.152       137.375       137.598
        2.000         3.394       135.543       135.789       136.027       136.252       136.475       136.697       136.919
        1.990         3.404       134.866       135.120       135.352       135.574       135.796       136.018       136.239
        1.980         3.414       134.184       134.451       134.672       134.894       135.115       135.337       135.559
        1.970         3.424       133.499       133.755       133.989       134.212       134.434       134.656       134.878
        1.960         3.434       132.809       133.059       133.302       133.528       133.751       133.973       134.195
        1.950         3.444       132.115       132.363       132.611       132.842       133.066       133.290       133.512
        1.940         3.454       131.419       131.667       131.916       132.153       132.381       132.605       132.829
        1.930         3.464       130.723       130.972       131.220       131.463       131.693       131.920       132.144
        1.920         3.474       130.028       130.276       130.524       130.771       131.005       131.233       131.459
        1.910         3.484       129.332       129.580       129.828       130.077       130.315       130.546       130.773
        1.900         3.494       128.636       128.884       129.132       129.381       129.624       129.857       130.086
        1.890         3.504       127.940       128.188       128.437       128.685       128.932       129.168       129.398
        1.880         3.514       127.244       127.493       127.741       127.990       128.238       128.477       128.710
        1.870         3.524       126.549       126.797       127.045       127.294       127.543       127.786       128.020
        1.860         3.534       125.853       126.101       126.350       126.598       126.847       127.093       127.330
        1.850         3.544       125.157       125.406       125.654       125.903       126.152       126.400       126.639
        1.840         3.554       124.461       124.710       124.959       125.207       125.456       125.705       125.948
        1.830         3.564       123.766       124.014       124.263       124.512       124.761       125.010       125.255
        1.820         3.574       123.070       123.319       123.568       123.816       124.065       124.314       124.562
        1.810         3.584       122.374       122.623       122.872       123.121       123.370       123.619       123.868
        1.800         3.594       121.679       121.928       122.176       122.425       122.674       122.924       123.173
        1.790         3.604       120.983       121.232       121.481       121.730       121.979       122.228       122.477
        1.780         3.614       120.288       120.537       120.786       121.035       121.284       121.533       121.782
        1.770         3.624       119.592       119.841       120.090       120.339       120.588       120.838       121.087
        1.760         3.634       118.897       119.146       119.395       119.644       119.893       120.142       120.392
        1.750         3.644       118.201       118.450       118.699       118.949       119.198       119.447       119.697
        1.740         3.654       117.506       117.755       118.004       118.253       118.503       118.752       119.002
        1.730         3.664       116.810       117.059       117.309       117.558       117.807       118.057       118.306
        1.720         3.674       116.115       116.364       116.613       116.863       117.112       117.362       117.611
        1.710         3.684       115.420       115.669       115.918       116.168       116.417       116.667       116.916
        1.700         3.694       114.724       114.973       115.223       115.472       115.722       115.971       116.221
        1.690         3.704       114.029       114.278       114.528       114.777       115.027       115.276       115.526
        1.680         3.714       113.334       113.583       113.832       114.082       114.332       114.581       114.831
        1.670         3.724       112.638       112.888       113.137       113.387       113.636       113.886       114.136
        1.660         3.734       111.943       112.192       112.442       112.692       112.941       113.191       113.441
        1.650         3.744       111.248       111.497       111.747       111.997       112.246       112.496       112.746
        1.640         3.754       110.552       110.802       111.052       111.302       111.551       111.801       112.051
        1.630         3.764       109.857       110.107       110.357       110.606       110.856       111.106       111.356
        1.620         3.774       109.162       109.412       109.662       109.911       110.161       110.411       110.662
        1.610         3.784       108.467       108.717       108.967       109.216       109.466       109.717       109.969
        1.600         3.794       107.772       108.022       108.271       108.521       108.772       109.022       109.276
        1.590         3.804       107.077       107.327       107.576       107.827       108.077       108.327       108.584
        1.580         3.814       106.382       106.632       106.882       107.132       107.382       107.634       107.893
        1.570         3.824       105.687       105.936       106.187       106.437       106.687       106.942       107.203
        1.560         3.834       104.991       105.241       105.492       105.742       105.993       106.251       106.514
        1.550         3.844       104.296       104.547       104.797       105.047       105.300       105.561       105.825
        1.540         3.854       103.601       103.852       104.102       104.352       104.609       104.872       105.138
        1.530         3.864       102.906       103.157       103.407       103.658       103.919       104.184       104.451
        1.520         3.874       102.211       102.462       102.712       102.967       103.231       103.498       103.766
        1.510         3.884       101.517       101.767       102.017       102.277       102.544       102.812       103.081
        1.500         3.894       100.827       101.072       101.325       101.590       101.858       102.127       102.397
        1.490         3.904       100.141       100.377       100.636       100.905       101.174       101.444       101.713
        1.480         3.914        99.459        99.682        99.952       100.222       100.491       100.761       101.031
        1.470         3.924        98.781        99.015        99.272        99.541        99.810       100.080       100.350
        1.460         3.934        98.108        98.348        98.596        98.862        99.130        99.399        99.669
        1.450         3.944        97.438        97.681        97.925        98.185        98.452        98.720        98.989
        1.440         3.954        96.771        97.014        97.257        97.510        97.775        98.042        98.310
        1.430         3.964        96.104        96.347        96.590        96.838        97.099        97.365        97.632
        1.420         3.974        95.437        95.680        95.923        96.167        96.425        96.689        96.955
        1.410         3.984        94.770        95.013        95.256        95.499        95.752        96.014        96.279
        1.400         3.994        94.103        94.346        94.589        94.832        95.081        95.340        95.604
        1.390         4.004        93.436        93.679        93.922        94.165        94.411        94.667        94.929
        1.380         4.014        92.769        93.012        93.255        93.499        93.742        93.995        94.255
        1.370         4.024        92.102        92.345        92.589        92.832        93.075        93.325        93.582
        1.360         4.034        91.435        91.679        91.922        92.165        92.409        92.655        92.910
        1.350         4.044        90.769        91.012        91.255        91.498        91.742        91.986        92.239
        1.340         4.054        90.102        90.345        90.588        90.832        91.075        91.319        91.569
        1.330         4.064        89.435        89.678        89.922        90.165        90.409        90.652        90.900
        1.320         4.074        88.768        89.011        89.255        89.498        89.742        89.986        90.231
        1.310         4.084        88.101        88.345        88.588        88.832        89.075        89.319        89.563
        1.300         4.094        87.434        87.678        87.921        88.165        88.409        88.653        88.896
        1.290         4.104        86.768        87.011        87.255        87.499        87.742        87.986        88.230
        1.280         4.114        86.101        86.345        86.588        86.832        87.076        87.320        87.564
        1.270         4.124        85.434        85.678        85.922        86.165        86.409        86.653        86.897
        1.260         4.134        84.768        85.011        85.255        85.499        85.743        85.987        86.231
        1.250         4.144        84.101        84.345        84.589        84.832        85.076        85.320        85.565
        1.240         4.154        83.434        83.678        83.922        84.166        84.410        84.654        84.898
        1.230         4.164        82.768        83.012        83.256        83.499        83.744        83.988        84.232
        1.220         4.174        82.101        82.345        82.589        82.833        83.077        83.321        83.566
        1.210         4.184        81.435        81.679        81.923        82.167        82.411        82.655        82.899
        1.200         4.194        80.768        81.012        81.256        81.500        81.745        81.989        82.233
        1.190         4.204        80.102        80.346        80.590        80.834        81.078        81.323        81.567
        1.180         4.214        79.435        79.679        79.923        80.168        80.412        80.656        80.901
        1.170         4.224        78.769        79.013        79.257        79.501        79.746        79.990        80.235
        1.160         4.234        78.102        78.346        78.591        78.835        79.079        79.324        79.569
        1.150         4.244        77.436        77.680        77.924        78.169        78.413        78.658        78.902
        1.140         4.254        76.769        77.014        77.258        77.502        77.747        77.992        78.236
        1.130         4.264        76.103        76.347        76.592        76.836        77.081        77.326        77.570
        1.120         4.274        75.437        75.681        75.925        76.170        76.415        76.659        76.904
        1.110         4.284        74.770        75.015        75.259        75.504        75.749        75.993        76.238
        1.100         4.294        74.104        74.348        74.593        74.838        75.083        75.327        75.572
        1.090         4.304        73.438        73.682        73.927        74.172        74.416        74.661        74.906
        1.080         4.314        72.771        73.016        73.261        73.506        73.750        73.995        74.240
        1.070         4.324        72.105        72.350        72.595        72.839        73.084        73.329        73.574
        1.060         4.334        71.439        71.684        71.928        72.173        72.418        72.663        72.909
        1.050         4.344        70.773        71.018        71.262        71.507        71.752        71.997        72.243
        1.040         4.354        70.107        70.351        70.596        70.841        71.086        71.332        71.577
        1.030         4.364        69.440        69.685        69.930        70.175        70.420        70.666        70.911
        1.020         4.374        68.774        69.019        69.264        69.509        69.755        70.000        70.245
        1.010         4.384        68.108        68.353        68.598        68.843        69.089        69.334        69.579
        1.000         4.394        67.442        67.687        67.932        68.178        68.423        68.668        68.914
        0.990         4.404        66.776        67.021        67.266        67.512        67.757        68.002        68.248
        0.980         4.414        66.110        66.355        66.600        66.846        67.091        67.337        67.582
        0.970         4.424        65.444        65.689        65.935        66.180        66.425        66.671        66.916
        0.960         4.434        64.778        65.023        65.269        65.514        65.760        66.005        66.251
        0.950         4.444        64.112        64.357        64.603        64.848        65.094        65.339        65.585
        0.940         4.454        63.446        63.692        63.937        64.183        64.428        64.674        64.920
        0.930         4.464        62.780        63.026        63.271        63.517        63.762        64.008        64.254
        0.920         4.474        62.114        62.360        62.605        62.851        63.097        63.343        63.588
        0.910         4.484        61.449        61.694        61.940        62.185        62.431        62.677        62.923
        0.900         4.494        60.783        61.028        61.274        61.520        61.765        62.011        62.257
        0.890         4.504        60.117        60.362        60.608        60.854        61.100        61.346        61.592
        0.880         4.514        59.451        59.697        59.942        60.188        60.434        60.680        60.926
        0.870         4.524        58.785        59.031        59.277        59.523        59.769        60.015        60.261
        0.860         4.534        58.120        58.365        58.611        58.857        59.103        59.349        59.595
        0.850         4.544        57.454        57.700        57.946        58.192        58.438        58.684        58.930
        0.840         4.554        56.788        57.034        57.280        57.526        57.772        58.018        58.265
        0.830         4.564        56.122        56.368        56.614        56.860        57.107        57.353        57.599
        0.820         4.574        55.457        55.703        55.949        56.195        56.441        56.688        56.934
        0.810         4.584        54.791        55.037        55.283        55.529        55.776        56.022        56.269
        0.800         4.594        54.125        54.372        54.618        54.864        55.110        55.357        55.603
        0.790         4.604        53.460        53.706        53.952        54.199        54.445        54.691        54.938
        0.780         4.614        52.794        53.041        53.287        53.533        53.780        54.026        54.273
        0.770         4.624        52.129        52.375        52.621        52.868        53.114        53.361        53.608
        0.760         4.634        51.463        51.710        51.956        52.202        52.449        52.696        52.942
        0.750         4.644        50.798        51.044        51.291        51.537        51.784        52.030        52.277
        0.740         4.654        50.132        50.379        50.625        50.872        51.118        51.365        51.612
        0.730         4.664        49.467        49.713        49.960        50.206        50.453        50.700        50.947
        0.720         4.674        48.801        49.048        49.295        49.541        49.788        50.035        50.282
        0.710         4.684        48.136        48.383        48.629        48.876        49.123        49.370        49.617
        0.700         4.694        47.471        47.717        47.964        48.211        48.458        48.705        48.952
        0.690         4.704        46.805        47.052        47.299        47.546        47.792        48.039        48.287
        0.680         4.714        46.140        46.387        46.633        46.880        47.127        47.374        47.622
        0.670         4.724        45.475        45.721        45.968        46.215        46.462        46.709        46.957
        0.660         4.734        44.809        45.056        45.303        45.550        45.797        46.044        46.292
        0.650         4.744        44.144        44.391        44.638        44.885        45.132        45.379        45.627
        0.640         4.754        43.479        43.726        43.973        44.220        44.467        44.714        44.961
        0.630         4.764        42.814        43.061        43.308        43.555        43.802        44.049        44.295
        0.620         4.774        42.148        42.395        42.643        42.890        43.137        43.384        43.628
        0.610         4.784        41.483        41.730        41.978        42.225        42.472        42.719        42.960
        0.600         4.794        40.818        41.065        41.312        41.560        41.807        42.052        42.291
        0.590         4.804        40.153        40.400        40.647        40.895        41.142        41.385        41.622
        0.580         4.814        39.488        39.735        39.982        40.230        40.477        40.716        40.952
        0.570         4.824        38.823        39.070        39.317        39.565        39.810        40.047        40.281
        0.560         4.834        38.158        38.405        38.653        38.900        39.141        39.376        39.609
        0.550         4.844        37.493        37.740        37.988        38.234        38.471        38.705        38.936
        0.540         4.854        36.828        37.075        37.323        37.566        37.800        38.032        38.263
        0.530         4.864        36.162        36.410        36.658        36.896        37.128        37.358        37.588
        0.520         4.874        35.492        35.745        35.991        36.224        36.454        36.684        36.913
        0.510         4.884        34.819        35.080        35.320        35.550        35.779        36.008        36.237
        0.500         4.894        34.141        34.416        34.644        34.873        35.102        35.331        35.560
        0.490         4.904        33.459        33.723        33.965        34.195        34.424        34.654        34.883
        0.480         4.914        32.773        33.031        33.281        33.515        33.745        33.975        34.205
        0.470         4.924        32.083        32.339        32.594        32.832        33.064        33.295        33.526
        0.460         4.934        31.391        31.646        31.902        32.148        32.382        32.614        32.848
        0.450         4.944        30.698        30.954        31.210        31.461        31.699        31.933        32.170
        0.440         4.954        30.006        30.262        30.518        30.773        31.014        31.251        31.492
        0.430         4.964        29.314        29.570        29.826        30.082        30.328        30.569        30.814
        0.420         4.974        28.622        28.878        29.134        29.390        29.641        29.887        30.136
        0.410         4.984        27.930        28.186        28.442        28.698        28.953        29.206        29.457
        0.400         4.994        27.237        27.493        27.750        28.006        28.265        28.525        28.778
        0.390         5.004        26.545        26.801        27.058        27.314        27.578        27.844        28.097
        0.380         5.014        25.853        26.109        26.366        26.623        26.893        27.162        27.416
        0.370         5.024        25.161        25.417        25.674        25.935        26.209        26.478        26.734
        0.360         5.034        24.470        24.725        24.982        25.250        25.525        25.794        26.051
        0.350         5.044        23.784        24.033        24.292        24.567        24.842        25.108        25.368
        0.340         5.054        23.102        23.341        23.608        23.887        24.159        24.423        24.683
        0.330         5.064        22.426        22.649        22.930        23.208        23.476        23.738        23.998
        0.320         5.074        21.756        21.992        22.256        22.530        22.793        23.053        23.312
        0.310         5.084        21.089        21.334        21.588        21.851        22.110        22.368        22.625
        0.300         5.094        20.423        20.677        20.922        21.172        21.427        21.682        21.939
        0.290         5.104        19.755        20.019        20.255        20.493        20.744        20.997        21.252
        0.280         5.114        19.081        19.361        19.585        19.814        20.061        20.312        20.566
        0.270         5.124        18.402        18.670        18.909        19.136        19.378        19.627        19.880
        0.260         5.134        17.718        17.978        18.228        18.457        18.695        18.942        19.193
        0.250         5.144        17.029        17.286        17.542        17.777        18.012        18.257        18.507
        0.240         5.154        16.338        16.594        16.851        17.095        17.329        17.572        17.821
        0.230         5.164        15.646        15.903        16.160        16.411        16.646        16.887        17.135
        0.220         5.174        14.954        15.211        15.468        15.724        15.963        16.202        16.448
        0.210         5.184        14.262        14.519        14.777        15.034        15.279        15.517        15.762
        0.200         5.194        13.571        13.828        14.085        14.342        14.593        14.832        15.076
        0.190         5.204        12.879        13.136        13.393        13.651        13.905        14.147        14.390
        0.180         5.214        12.187        12.445        12.702        12.959        13.216        13.462        13.704
        0.170         5.224        11.496        11.753        12.010        12.268        12.525        12.776        13.018
        0.160         5.234        10.804        11.061        11.319        11.576        11.834        12.088        12.331
        0.150         5.244        10.113        10.370        10.627        10.885        11.143        11.399        11.646
        0.140         5.254         9.421         9.678         9.936        10.194        10.451        10.709        10.970
        0.130         5.264         8.730         8.987         9.245         9.502         9.760        10.018        10.312
        0.120         5.274         8.038         8.296         8.553         8.811         9.069         9.327         9.672
        0.110         5.284         7.347         7.604         7.862         8.120         8.377         8.649         9.050
        0.100         5.294         6.655         6.913         7.170         7.428         7.686         7.994         8.446
        0.090         5.304         5.964         6.221         6.479         6.737         6.995         7.363         7.861
        0.080         5.314         5.272         5.530         5.788         6.046         6.321         6.757         7.296
        0.070         5.324         4.581         4.839         5.097         5.355         5.679         6.175         6.751
        0.060         5.334         3.890         4.147         4.405         4.663         5.068         5.618         6.227
        0.050         5.344         3.198         3.456         3.714         3.997         4.490         5.085         5.722
        0.040         5.354         2.507         2.765         3.023         3.379         3.945         4.578         5.237
        0.030         5.364         1.834         2.074         2.332         2.809         3.433         4.095         4.773
        0.020         5.374         1.262         1.382         1.689         2.289         2.955         3.639         4.330
        0.010         5.384          .798          .691         1.144         1.819         2.512         3.209         3.908
        0.000         5.394          .443          .000          .701         1.403         2.104         2.805         3.507
