0
2
        5.020         0.372       354.083       354.284       354.342       354.212       353.972       353.673       353.331
        5.010         0.382       353.780       353.975       354.040       353.941       353.710       353.408       353.060
        5.000         0.392       353.437       353.630       353.702       353.635       353.418       353.119       352.768
        4.990         0.402       353.061       353.254       353.333       353.293       353.098       352.806       352.454
        4.980         0.412       352.655       352.848       352.936       352.915       352.748       352.468       352.120
        4.970         0.422       352.220       352.415       352.512       352.505       352.369       352.104       351.764
        4.960         0.432       351.760       351.957       352.061       352.066       351.959       351.715       351.388
        4.950         0.442       351.275       351.474       351.585       351.602       351.518       351.300       350.991
        4.940         0.452       350.766       350.968       351.085       351.114       351.047       350.861       350.574
        4.930         0.462       350.235       350.439       350.563       350.602       350.551       350.397       350.137
        4.920         0.472       349.682       349.890       350.019       350.068       350.032       349.909       349.679
        4.910         0.482       349.109       349.319       349.454       349.512       349.492       349.396       349.202
        4.900         0.492       348.516       348.729       348.870       348.936       348.933       348.862       348.704
        4.890         0.502       347.903       348.120       348.266       348.342       348.357       348.310       348.187
        4.880         0.512       347.272       347.492       347.643       347.730       347.765       347.741       347.651
        4.870         0.522       346.623       346.845       347.002       347.105       347.158       347.158       347.095
        4.860         0.532       345.957       346.182       346.346       346.466       346.539       346.561       346.523
        4.850         0.542       345.280       345.501       345.678       345.815       345.907       345.951       345.938
        4.840         0.552       344.594       344.808       345.000       345.154       345.265       345.329       345.340
        4.830         0.562       343.902       344.113       344.315       344.485       344.614       344.697       344.730
        4.820         0.572       343.207       343.417       343.625       343.809       343.954       344.056       344.110
        4.810         0.582       342.511       342.722       342.932       343.127       343.287       343.407       343.480
        4.800         0.592       341.816       342.026       342.237       342.440       342.614       342.749       342.841
        4.790         0.602       341.120       341.331       341.542       341.750       341.935       342.085       342.194
        4.780         0.612       340.425       340.636       340.847       341.057       341.252       341.415       341.540
        4.770         0.622       339.730       339.940       340.151       340.362       340.564       340.740       340.880
        4.760         0.632       339.034       339.245       339.456       339.667       339.874       340.060       340.214
        4.750         0.642       338.339       338.550       338.761       338.972       339.182       339.376       339.542
        4.740         0.652       337.644       337.855       338.066       338.277       338.488       338.689       338.865
        4.730         0.662       336.949       337.160       337.371       337.582       337.793       337.999       338.185
        4.720         0.672       336.253       336.464       336.676       336.887       337.098       337.307       337.501
        4.710         0.682       335.558       335.769       335.980       336.192       336.403       336.614       336.814
        4.700         0.692       334.863       335.074       335.285       335.497       335.708       335.919       336.125
        4.690         0.702       334.168       334.379       334.590       334.802       335.013       335.225       335.433
        4.680         0.712       333.473       333.684       333.895       334.107       334.318       334.530       334.740
        4.670         0.722       332.778       332.989       333.200       333.412       333.623       333.835       334.046
        4.660         0.732       332.083       332.294       332.505       332.717       332.928       333.140       333.352
        4.650         0.742       331.387       331.599       331.810       332.022       332.233       332.445       332.657
        4.640         0.752       330.693       330.904       331.115       331.327       331.539       331.750       331.962
        4.630         0.762       329.998       330.209       330.421       330.632       330.844       331.056       331.267
        4.620         0.772       329.303       329.514       329.726       329.937       330.149       330.361       330.573
        4.610         0.782       328.608       328.819       329.031       329.243       329.454       329.666       329.878
        4.600         0.792       327.913       328.124       328.336       328.548       328.760       328.971       329.184
        4.590         0.802       327.218       327.429       327.641       327.853       328.065       328.277       328.489
        4.580         0.812       326.523       326.735       326.946       327.158       327.370       327.582       327.793
        4.570         0.822       325.828       326.040       326.252       326.464       326.676       326.888       327.097
        4.560         0.832       325.133       325.345       325.557       325.769       325.981       326.193       326.399
        4.550         0.842       324.438       324.650       324.862       325.074       325.286       325.497       325.699
        4.540         0.852       323.744       323.955       324.167       324.380       324.592       324.800       324.999
        4.530         0.862       323.049       323.261       323.473       323.685       323.897       324.101       324.297
        4.520         0.872       322.354       322.566       322.778       322.990       323.201       323.401       323.594
        4.510         0.882       321.659       321.871       322.084       322.296       322.503       322.699       322.890
        4.500         0.892       320.965       321.177       321.389       321.601       321.803       321.995       322.184
        4.490         0.902       320.270       320.482       320.694       320.905       321.101       321.290       321.477
        4.480         0.912       319.575       319.788       320.000       320.205       320.397       320.584       320.769
        4.470         0.922       318.880       319.093       319.305       319.502       319.690       319.876       320.060
        4.460         0.932       318.178       318.399       318.607       318.797       318.982       319.166       319.349
        4.450         0.942       317.471       317.704       317.903       318.088       318.271       318.454       318.638
        4.440         0.952       316.757       317.009       317.192       317.375       317.558       317.741       317.925
        4.430         0.962       316.036       316.273       316.475       316.660       316.844       317.027       317.210
        4.420         0.972       315.310       315.536       315.752       315.941       316.127       316.311       316.495
        4.410         0.982       314.576       314.800       315.022       315.220       315.408       315.593       315.778
        4.400         0.992       313.840       314.063       314.287       314.495       314.686       314.874       315.060
        4.390         1.002       313.103       313.327       313.550       313.767       313.963       314.153       314.341
        4.380         1.012       312.367       312.590       312.814       313.036       313.238       313.431       313.620
        4.370         1.022       311.630       311.854       312.078       312.301       312.511       312.707       312.898
        4.360         1.032       310.894       311.117       311.341       311.565       311.781       311.982       312.175
        4.350         1.042       310.157       310.381       310.605       310.829       311.050       311.255       311.451
        4.340         1.052       309.421       309.645       309.868       310.092       310.316       310.526       310.726
        4.330         1.062       308.685       308.908       309.132       309.356       309.580       309.796       309.999
        4.320         1.072       307.948       308.172       308.396       308.620       308.844       309.064       309.271
        4.310         1.082       307.212       307.436       307.660       307.884       308.108       308.331       308.541
        4.300         1.092       306.476       306.699       306.923       307.148       307.372       307.596       307.811
        4.290         1.102       305.739       305.963       306.187       306.411       306.636       306.860       307.079
        4.280         1.112       305.003       305.227       305.451       305.675       305.899       306.124       306.346
        4.270         1.122       304.267       304.491       304.715       304.939       305.163       305.388       305.612
        4.260         1.132       303.530       303.755       303.979       304.203       304.427       304.652       304.876
        4.250         1.142       302.794       303.018       303.243       303.467       303.691       303.916       304.140
        4.240         1.152       302.058       302.282       302.507       302.731       302.955       303.180       303.405
        4.230         1.162       301.322       301.546       301.770       301.995       302.219       302.444       302.669
        4.220         1.172       300.586       300.810       301.034       301.259       301.483       301.708       301.933
        4.210         1.182       299.850       300.074       300.298       300.523       300.748       300.972       301.197
        4.200         1.192       299.114       299.338       299.562       299.787       300.012       300.236       300.461
        4.190         1.202       298.378       298.602       298.827       299.051       299.276       299.501       299.726
        4.180         1.212       297.642       297.866       298.091       298.315       298.540       298.765       298.990
        4.170         1.222       296.905       297.130       297.355       297.579       297.804       298.029       298.254
        4.160         1.232       296.170       296.394       296.619       296.844       297.068       297.293       297.518
        4.150         1.242       295.434       295.658       295.883       296.108       296.333       296.558       296.783
        4.140         1.252       294.698       294.922       295.147       295.372       295.597       295.822       296.047
        4.130         1.262       293.962       294.186       294.411       294.636       294.861       295.086       295.311
        4.120         1.272       293.226       293.451       293.675       293.900       294.125       294.351       294.576
        4.110         1.282       292.490       292.715       292.940       293.165       293.390       293.615       293.840
        4.100         1.292       291.754       291.979       292.204       292.429       292.654       292.879       293.105
        4.090         1.302       291.018       291.243       291.468       291.693       291.919       292.144       292.369
        4.080         1.312       290.283       290.507       290.733       290.958       291.183       291.408       291.634
        4.070         1.322       289.547       289.772       289.997       290.222       290.447       290.673       290.898
        4.060         1.332       288.811       289.036       289.261       289.486       289.712       289.937       290.163
        4.050         1.342       288.075       288.300       288.526       288.751       288.976       289.202       289.427
        4.040         1.352       287.340       287.565       287.790       288.015       288.241       288.466       288.692
        4.030         1.362       286.604       286.829       287.054       287.280       287.505       287.731       287.957
        4.020         1.372       285.868       286.094       286.319       286.544       286.770       286.996       287.221
        4.010         1.382       285.133       285.358       285.583       285.809       286.034       286.260       286.486
        4.000         1.392       284.397       284.622       284.848       285.073       285.299       285.525       285.751
        3.990         1.402       283.661       283.887       284.112       284.338       284.564       284.789       285.015
        3.980         1.412       282.926       283.151       283.377       283.603       283.828       284.054       284.280
        3.970         1.422       282.190       282.416       282.642       282.867       283.093       283.319       283.545
        3.960         1.432       281.455       281.680       281.906       282.132       282.358       282.584       282.810
        3.950         1.442       280.719       280.945       281.171       281.397       281.622       281.848       282.075
        3.940         1.452       279.984       280.210       280.435       280.661       280.887       281.113       281.339
        3.930         1.462       279.249       279.474       279.700       279.926       280.152       280.378       280.604
        3.920         1.472       278.513       278.739       278.965       279.191       279.417       279.643       279.869
        3.910         1.482       277.778       278.004       278.230       278.456       278.682       278.908       279.134
        3.900         1.492       277.042       277.268       277.494       277.720       277.946       278.173       278.399
        3.890         1.502       276.307       276.533       276.759       276.985       277.211       277.438       277.664
        3.880         1.512       275.572       275.798       276.024       276.250       276.476       276.703       276.929
        3.870         1.522       274.836       275.063       275.289       275.515       275.741       275.967       276.194
        3.860         1.532       274.101       274.327       274.553       274.780       275.006       275.232       275.459
        3.850         1.542       273.366       273.592       273.818       274.045       274.271       274.497       274.724
        3.840         1.552       272.631       272.857       273.083       273.310       273.536       273.763       273.989
        3.830         1.562       271.896       272.122       272.348       272.575       272.801       273.028       273.254
        3.820         1.572       271.160       271.387       271.613       271.840       272.066       272.293       272.519
        3.810         1.582       270.425       270.652       270.878       271.105       271.331       271.558       271.785
        3.800         1.592       269.690       269.917       270.143       270.370       270.596       270.823       271.050
        3.790         1.602       268.955       269.182       269.408       269.635       269.861       270.088       270.315
        3.780         1.612       268.220       268.447       268.673       268.900       269.126       269.353       269.580
        3.770         1.622       267.485       267.712       267.938       268.165       268.392       268.618       268.845
        3.760         1.632       266.750       266.977       267.203       267.430       267.657       267.884       268.111
        3.750         1.642       266.015       266.242       266.468       266.695       266.922       267.149       267.376
        3.740         1.652       265.280       265.507       265.733       265.960       266.187       266.414       266.641
        3.730         1.662       264.545       264.772       264.999       265.225       265.452       265.680       265.907
        3.720         1.672       263.810       264.037       264.264       264.491       264.718       264.945       265.172
        3.710         1.682       263.075       263.302       263.529       263.756       263.983       264.210       264.438
        3.700         1.692       262.340       262.567       262.794       263.021       263.248       263.476       263.703
        3.690         1.702       261.606       261.833       262.060       262.287       262.514       262.741       262.968
        3.680         1.712       260.871       261.098       261.325       261.552       261.779       262.006       262.234
        3.670         1.722       260.136       260.363       260.590       260.817       261.045       261.272       261.499
        3.660         1.732       259.401       259.628       259.855       260.083       260.310       260.537       260.765
        3.650         1.742       258.667       258.894       259.121       259.348       259.575       259.803       260.030
        3.640         1.752       257.932       258.159       258.386       258.613       258.841       259.068       259.296
        3.630         1.762       257.197       257.424       257.652       257.879       258.106       258.334       258.562
        3.620         1.772       256.462       256.690       256.917       257.144       257.372       257.600       257.827
        3.610         1.782       255.728       255.955       256.182       256.410       256.637       256.865       257.093
        3.600         1.792       254.993       255.220       255.448       255.675       255.903       256.131       256.359
        3.590         1.802       254.258       254.486       254.713       254.941       255.169       255.396       255.627
        3.580         1.812       253.524       253.751       253.979       254.207       254.434       254.662       254.896
        3.570         1.822       252.789       253.017       253.244       253.472       253.700       253.929       254.166
        3.560         1.832       252.055       252.282       252.510       252.738       252.966       253.197       253.437
        3.550         1.842       251.320       251.548       251.776       252.003       252.231       252.466       252.709
        3.540         1.852       250.586       250.814       251.041       251.269       251.498       251.737       251.982
        3.530         1.862       249.851       250.079       250.307       250.535       250.767       251.010       251.257
        3.520         1.872       249.117       249.345       249.573       249.801       250.038       250.283       250.532
        3.510         1.882       248.383       248.610       248.838       249.068       249.310       249.559       249.809
        3.500         1.892       247.648       247.876       248.104       248.338       248.585       248.835       249.087
        3.490         1.902       246.915       247.142       247.370       247.611       247.861       248.113       248.366
        3.480         1.912       246.186       246.407       246.639       246.887       247.139       247.392       247.646
        3.470         1.922       245.464       245.673       245.913       246.166       246.419       246.673       246.928
        3.460         1.932       244.746       244.939       245.193       245.447       245.701       245.956       246.210
        3.450         1.942       244.035       244.242       244.479       244.731       244.985       245.239       245.493
        3.440         1.952       243.329       243.544       243.770       244.018       244.271       244.524       244.778
        3.430         1.962       242.628       242.847       243.066       243.308       243.558       243.811       244.064
        3.420         1.972       241.931       242.149       242.368       242.601       242.848       243.099       243.351
        3.410         1.982       241.233       241.452       241.671       241.896       242.139       242.388       242.639
        3.400         1.992       240.536       240.755       240.974       241.195       241.432       241.679       241.928
        3.390         2.002       239.839       240.057       240.277       240.496       240.727       240.971       241.219
        3.380         2.012       239.141       239.360       239.579       239.798       240.025       240.264       240.510
        3.370         2.022       238.444       238.663       238.882       239.101       239.323       239.559       239.803
        3.360         2.032       237.747       237.966       238.185       238.404       238.624       238.856       239.097
        3.350         2.042       237.049       237.269       237.488       237.707       237.927       238.153       238.391
        3.340         2.052       236.352       236.571       236.791       237.010       237.230       237.453       237.688
        3.330         2.062       235.655       235.874       236.094       236.313       236.533       236.753       236.985
        3.320         2.072       234.958       235.177       235.397       235.616       235.836       236.055       236.283
        3.310         2.082       234.261       234.480       234.700       234.919       235.139       235.358       235.583
        3.300         2.092       233.564       233.783       234.003       234.222       234.442       234.662       234.883
        3.290         2.102       232.867       233.086       233.306       233.525       233.745       233.965       234.185
        3.280         2.112       232.170       232.389       232.609       232.828       233.048       233.268       233.488
        3.270         2.122       231.472       231.692       231.912       232.131       232.351       232.571       232.791
        3.260         2.132       230.775       230.995       231.215       231.434       231.654       231.874       232.094
        3.250         2.142       230.078       230.298       230.518       230.738       230.958       231.177       231.398
        3.240         2.152       229.381       229.601       229.821       230.041       230.261       230.481       230.701
        3.230         2.162       228.685       228.904       229.124       229.344       229.564       229.784       230.004
        3.220         2.172       227.988       228.207       228.427       228.647       228.867       229.087       229.308
        3.210         2.182       227.291       227.511       227.730       227.951       228.171       228.391       228.611
        3.200         2.192       226.594       226.814       227.034       227.254       227.474       227.694       227.915
        3.190         2.202       225.897       226.117       226.337       226.557       226.777       226.998       227.218
        3.180         2.212       225.200       225.420       225.640       225.860       226.081       226.301       226.521
        3.170         2.222       224.503       224.723       224.944       225.164       225.384       225.604       225.825
        3.160         2.232       223.807       224.027       224.247       224.467       224.688       224.908       225.128
        3.150         2.242       223.110       223.330       223.550       223.771       223.991       224.211       224.432
        3.140         2.252       222.413       222.633       222.854       223.074       223.294       223.515       223.736
        3.130         2.262       221.716       221.937       222.157       222.377       222.598       222.819       223.039
        3.120         2.272       221.020       221.240       221.460       221.681       221.901       222.122       222.343
        3.110         2.282       220.323       220.543       220.764       220.984       221.205       221.426       221.646
        3.100         2.292       219.627       219.847       220.067       220.288       220.509       220.729       220.949
        3.090         2.302       218.930       219.150       219.371       219.591       219.812       220.033       220.252
        3.080         2.312       218.233       218.454       218.674       218.895       219.116       219.337       219.553
        3.070         2.322       217.537       217.757       217.978       218.199       218.419       218.640       218.854
        3.060         2.332       216.840       217.061       217.281       217.502       217.723       217.942       218.154
        3.050         2.342       216.144       216.364       216.585       216.806       217.027       217.243       217.453
        3.040         2.352       215.447       215.668       215.889       216.110       216.330       216.543       216.751
        3.030         2.362       214.751       214.972       215.192       215.413       215.631       215.841       216.049
        3.020         2.372       214.054       214.275       214.496       214.717       214.931       215.139       215.345
        3.010         2.382       213.358       213.579       213.800       214.020       214.230       214.436       214.641
        3.000         2.392       212.662       212.882       213.103       213.320       213.528       213.732       213.936
        2.990         2.402       211.965       212.186       212.407       212.618       212.824       213.027       213.231
        2.980         2.412       211.264       211.490       211.709       211.915       212.118       212.321       212.524
        2.970         2.422       210.559       210.794       211.006       211.209       211.412       211.614       211.817
        2.960         2.432       209.850       210.097       210.300       210.502       210.704       210.906       211.109
        2.950         2.442       209.137       209.374       209.589       209.792       209.995       210.197       210.400
        2.940         2.452       208.420       208.651       208.874       209.080       209.284       209.487       209.690
        2.930         2.462       207.699       207.928       208.155       208.367       208.572       208.776       208.980
        2.920         2.472       206.976       207.204       207.433       207.651       207.859       208.064       208.269
        2.910         2.482       206.253       206.481       206.710       206.933       207.145       207.351       207.557
        2.900         2.492       205.530       205.758       205.986       206.214       206.429       206.637       206.844
        2.890         2.502       204.807       205.035       205.263       205.492       205.711       205.922       206.130
        2.880         2.512       204.083       204.312       204.540       204.769       204.993       205.206       205.416
        2.870         2.522       203.360       203.589       203.817       204.046       204.273       204.489       204.701
        2.860         2.532       202.637       202.866       203.094       203.323       203.551       203.771       203.985
        2.850         2.542       201.914       202.143       202.371       202.600       202.829       203.052       203.268
        2.840         2.552       201.191       201.420       201.648       201.877       202.106       202.332       202.550
        2.830         2.562       200.468       200.697       200.925       201.154       201.383       201.611       201.832
        2.820         2.572       199.745       199.974       200.202       200.431       200.660       200.889       201.113
        2.810         2.582       199.022       199.251       199.480       199.709       199.938       200.167       200.393
        2.800         2.592       198.299       198.528       198.757       198.986       199.215       199.444       199.672
        2.790         2.602       197.576       197.805       198.034       198.263       198.492       198.721       198.950
        2.780         2.612       196.853       197.082       197.311       197.540       197.769       197.999       198.228
        2.770         2.622       196.130       196.359       196.588       196.817       197.047       197.276       197.505
        2.760         2.632       195.407       195.636       195.866       196.095       196.324       196.553       196.783
        2.750         2.642       194.685       194.914       195.143       195.372       195.601       195.831       196.060
        2.740         2.652       193.962       194.191       194.420       194.649       194.879       195.108       195.338
        2.730         2.662       193.239       193.468       193.697       193.927       194.156       194.386       194.615
        2.720         2.672       192.516       192.745       192.975       193.204       193.434       193.663       193.893
        2.710         2.682       191.793       192.023       192.252       192.482       192.711       192.941       193.170
        2.700         2.692       191.071       191.300       191.529       191.759       191.988       192.218       192.448
        2.690         2.702       190.348       190.577       190.807       191.036       191.266       191.496       191.726
        2.680         2.712       189.625       189.855       190.084       190.314       190.544       190.773       191.003
        2.670         2.722       188.903       189.132       189.362       189.591       189.821       190.051       190.281
        2.660         2.732       188.180       188.410       188.639       188.869       189.099       189.329       189.559
        2.650         2.742       187.458       187.687       187.917       188.146       188.376       188.606       188.836
        2.640         2.752       186.735       186.965       187.194       187.424       187.654       187.884       188.114
        2.630         2.762       186.012       186.242       186.472       186.702       186.932       187.162       187.392
        2.620         2.772       185.290       185.520       185.749       185.979       186.209       186.439       186.669
        2.610         2.782       184.567       184.797       185.027       185.257       185.487       185.717       185.947
        2.600         2.792       183.845       184.075       184.305       184.535       184.765       184.995       185.225
        2.590         2.802       183.122       183.352       183.582       183.812       184.042       184.273       184.503
        2.580         2.812       182.400       182.630       182.860       183.090       183.320       183.550       183.781
        2.570         2.822       181.678       181.908       182.138       182.368       182.598       182.828       183.059
        2.560         2.832       180.955       181.185       181.415       181.645       181.876       182.106       182.337
        2.550         2.842       180.233       180.463       180.693       180.923       181.154       181.384       181.615
        2.540         2.852       179.510       179.741       179.971       180.201       180.431       180.662       180.892
        2.530         2.862       178.788       179.018       179.249       179.479       179.709       179.940       180.170
        2.520         2.872       178.066       178.296       178.526       178.757       178.987       179.218       179.448
        2.510         2.882       177.344       177.574       177.804       178.035       178.265       178.496       178.727
        2.500         2.892       176.621       176.852       177.082       177.313       177.543       177.774       178.005
        2.490         2.902       175.899       176.130       176.360       176.591       176.821       177.052       177.283
        2.480         2.912       175.177       175.407       175.638       175.869       176.099       176.330       176.561
        2.470         2.922       174.455       174.685       174.916       175.146       175.377       175.608       175.839
        2.460         2.932       173.733       173.963       174.194       174.425       174.655       174.886       175.117
        2.450         2.942       173.011       173.241       173.472       173.703       173.933       174.164       174.395
        2.440         2.952       172.289       172.519       172.750       172.981       173.212       173.442       173.673
        2.430         2.962       171.566       171.797       172.028       172.259       172.490       172.721       172.952
        2.420         2.972       170.845       171.075       171.306       171.537       171.768       171.999       172.230
        2.410         2.982       170.122       170.353       170.584       170.815       171.046       171.277       171.508
        2.400         2.992       169.401       169.631       169.862       170.093       170.324       170.555       170.787
        2.390         3.002       168.678       168.909       169.140       169.371       169.602       169.834       170.065
        2.380         3.012       167.957       168.187       168.418       168.649       168.881       169.112       169.343
        2.370         3.022       167.235       167.466       167.697       167.928       168.159       168.390       168.622
        2.360         3.032       166.513       166.744       166.975       167.206       167.437       167.669       167.900
        2.350         3.042       165.791       166.022       166.253       166.484       166.716       166.947       167.178
        2.340         3.052       165.069       165.300       165.531       165.763       165.994       166.225       166.457
        2.330         3.062       164.347       164.578       164.810       165.041       165.272       165.504       165.735
        2.320         3.072       163.625       163.857       164.088       164.319       164.551       164.782       165.014
        2.310         3.082       162.904       163.135       163.366       163.598       163.829       164.061       164.292
        2.300         3.092       162.182       162.413       162.645       162.876       163.108       163.339       163.571
        2.290         3.102       161.460       161.691       161.923       162.154       162.386       162.618       162.850
        2.280         3.112       160.738       160.970       161.201       161.433       161.665       161.896       162.128
        2.270         3.122       160.017       160.248       160.480       160.711       160.943       161.175       161.407
        2.260         3.132       159.295       159.527       159.758       159.990       160.222       160.453       160.685
        2.250         3.142       158.574       158.805       159.037       159.268       159.500       159.732       159.964
        2.240         3.152       157.852       158.084       158.315       158.547       158.779       159.011       159.243
        2.230         3.162       157.130       157.362       157.594       157.826       158.057       158.289       158.521
        2.220         3.172       156.409       156.640       156.872       157.104       157.336       157.568       157.800
        2.210         3.182       155.687       155.919       156.151       156.383       156.615       156.847       157.079
        2.200         3.192       154.966       155.198       155.429       155.661       155.893       156.126       156.358
        2.190         3.202       154.244       154.476       154.708       154.940       155.172       155.404       155.637
        2.180         3.212       153.523       153.755       153.987       154.219       154.451       154.683       154.915
        2.170         3.222       152.801       153.033       153.265       153.497       153.730       153.962       154.194
        2.160         3.232       152.080       152.312       152.544       152.776       153.008       153.241       153.473
        2.150         3.242       151.359       151.591       151.823       152.055       152.287       152.520       152.752
        2.140         3.252       150.637       150.869       151.102       151.334       151.566       151.799       152.031
        2.130         3.262       149.916       150.148       150.380       150.613       150.845       151.077       151.310
        2.120         3.272       149.195       149.427       149.659       149.891       150.124       150.356       150.590
        2.110         3.282       148.473       148.706       148.938       149.170       149.403       149.635       149.870
        2.100         3.292       147.752       147.984       148.217       148.449       148.682       148.914       149.151
        2.090         3.302       147.031       147.263       147.496       147.728       147.961       148.194       148.434
        2.080         3.312       146.310       146.542       146.775       147.007       147.240       147.475       147.716
        2.070         3.322       145.588       145.821       146.053       146.286       146.519       146.757       147.000
        2.060         3.332       144.867       145.100       145.332       145.565       145.799       146.040       146.285
        2.050         3.342       144.146       144.379       144.611       144.844       145.080       145.323       145.570
        2.040         3.352       143.425       143.658       143.890       144.123       144.363       144.608       144.857
        2.030         3.362       142.704       142.937       143.169       143.403       143.647       143.894       144.144
        2.020         3.372       141.983       142.216       142.448       142.686       142.932       143.182       143.432
        2.010         3.382       141.263       141.495       141.727       141.970       142.219       142.470       142.721
        2.000         3.392       140.546       140.774       141.009       141.257       141.507       141.759       142.011
        1.990         3.402       139.833       140.053       140.294       140.545       140.797       141.049       141.301
        1.980         3.412       139.125       139.332       139.584       139.836       140.088       140.340       140.593
        1.970         3.422       138.421       138.638       138.877       139.129       139.380       139.633       139.885
        1.960         3.432       137.720       137.944       138.175       138.423       138.674       138.926       139.178
        1.950         3.442       137.024       137.250       137.477       137.720       137.969       138.220       138.472
        1.940         3.452       136.331       136.557       136.783       137.019       137.266       137.516       137.767
        1.930         3.462       135.637       135.863       136.089       136.320       136.564       136.812       137.062
        1.920         3.472       134.943       135.169       135.396       135.623       135.863       136.110       136.359
        1.910         3.482       134.249       134.476       134.702       134.928       135.164       135.408       135.656
        1.900         3.492       133.556       133.782       134.008       134.235       134.466       134.708       134.954
        1.890         3.502       132.862       133.088       133.315       133.541       133.770       134.009       134.253
        1.880         3.512       132.168       132.395       132.621       132.848       133.075       133.311       133.553
        1.870         3.522       131.475       131.701       131.928       132.154       132.381       132.613       132.854
        1.860         3.532       130.781       131.008       131.234       131.461       131.688       131.917       132.155
        1.850         3.542       130.088       130.314       130.541       130.768       130.994       131.222       131.458
        1.840         3.552       129.394       129.621       129.847       130.074       130.301       130.528       130.761
        1.830         3.562       128.701       128.927       129.154       129.381       129.608       129.835       130.065
        1.820         3.572       128.007       128.234       128.461       128.687       128.914       129.141       129.370
        1.810         3.582       127.314       127.540       127.767       127.994       128.221       128.448       128.676
        1.800         3.592       126.620       126.847       127.074       127.301       127.528       127.755       127.982
        1.790         3.602       125.927       126.154       126.381       126.608       126.835       127.062       127.289
        1.780         3.612       125.233       125.460       125.687       125.914       126.141       126.369       126.596
        1.770         3.622       124.540       124.767       124.994       125.221       125.448       125.676       125.903
        1.760         3.632       123.847       124.074       124.301       124.528       124.755       124.982       125.210
        1.750         3.642       123.153       123.380       123.607       123.835       124.062       124.289       124.517
        1.740         3.652       122.460       122.687       122.914       123.142       123.369       123.596       123.824
        1.730         3.662       121.767       121.994       122.221       122.448       122.676       122.903       123.131
        1.720         3.672       121.073       121.301       121.528       121.755       121.983       122.210       122.438
        1.710         3.682       120.380       120.608       120.835       121.062       121.290       121.517       121.745
        1.700         3.692       119.687       119.914       120.142       120.369       120.597       120.824       121.052
        1.690         3.702       118.994       119.221       119.449       119.676       119.904       120.131       120.359
        1.680         3.712       118.301       118.528       118.756       118.983       119.211       119.439       119.666
        1.670         3.722       117.608       117.835       118.063       118.290       118.518       118.746       118.974
        1.660         3.732       116.915       117.142       117.370       117.597       117.825       118.053       118.281
        1.650         3.742       116.221       116.449       116.677       116.904       117.132       117.360       117.588
        1.640         3.752       115.528       115.756       115.984       116.211       116.439       116.667       116.895
        1.630         3.762       114.835       115.063       115.291       115.519       115.746       115.974       116.202
        1.620         3.772       114.142       114.370       114.598       114.826       115.054       115.282       115.509
        1.610         3.782       113.449       113.677       113.905       114.133       114.361       114.589       114.815
        1.600         3.792       112.756       112.984       113.212       113.440       113.668       113.896       114.120
        1.590         3.802       112.063       112.291       112.519       112.747       112.975       113.203       113.425
        1.580         3.812       111.371       111.598       111.826       112.054       112.283       112.508       112.728
        1.570         3.822       110.678       110.906       111.134       111.362       111.590       111.813       112.031
        1.560         3.832       109.985       110.213       110.441       110.669       110.896       111.117       111.333
        1.550         3.842       109.292       109.520       109.748       109.976       110.202       110.419       110.634
        1.540         3.852       108.599       108.827       109.055       109.284       109.505       109.721       109.935
        1.530         3.862       107.906       108.135       108.363       108.590       108.808       109.022       109.234
        1.520         3.872       107.214       107.442       107.670       107.894       108.109       108.322       108.533
        1.510         3.882       106.520       106.749       106.977       107.196       107.409       107.620       107.831
        1.500         3.892       105.823       106.056       106.283       106.496       106.707       106.918       107.128
        1.490         3.902       105.122       105.364       105.584       105.795       106.005       106.215       106.425
        1.480         3.912       104.417       104.671       104.881       105.091       105.301       105.511       105.721
        1.470         3.922       103.708       103.952       104.174       104.385       104.595       104.805       105.016
        1.460         3.932       102.995       103.233       103.463       103.677       103.888       104.099       104.310
        1.450         3.942       102.278       102.514       102.748       102.967       103.180       103.392       103.603
        1.440         3.952       101.559       101.794       102.030       102.256       102.471       102.684       102.896
        1.430         3.962       100.840       101.075       101.311       101.542       101.760       101.975       102.188
        1.420         3.972       100.121       100.356       100.592       100.826       101.048       101.265       101.479
        1.410         3.982        99.401        99.637        99.873       100.108       100.335       100.554       100.769
        1.400         3.992        98.682        98.918        99.154        99.389        99.620        99.842       100.058
        1.390         4.002        97.963        98.199        98.435        98.670        98.904        99.128        99.347
        1.380         4.012        97.244        97.480        97.716        97.952        98.187        98.414        98.635
        1.370         4.022        96.525        96.761        96.997        97.233        97.469        97.699        97.922
        1.360         4.032        95.806        96.042        96.278        96.514        96.750        96.983        97.209
        1.350         4.042        95.087        95.323        95.559        95.795        96.031        96.266        96.494
        1.340         4.052        94.368        94.604        94.840        95.076        95.312        95.548        95.779
        1.330         4.062        93.649        93.885        94.121        94.357        94.593        94.830        95.063
        1.320         4.072        92.930        93.166        93.402        93.638        93.875        94.111        94.346
        1.310         4.082        92.211        92.447        92.683        92.920        93.156        93.392        93.629
        1.300         4.092        91.492        91.728        91.965        92.201        92.437        92.674        92.910
        1.290         4.102        90.773        91.010        91.246        91.482        91.719        91.955        92.192
        1.280         4.112        90.055        90.291        90.527        90.764        91.000        91.237        91.473
        1.270         4.122        89.336        89.572        89.808        90.045        90.281        90.518        90.755
        1.260         4.132        88.617        88.853        89.090        89.326        89.563        89.799        90.036
        1.250         4.142        87.898        88.135        88.371        88.608        88.844        89.081        89.318
        1.240         4.152        87.180        87.416        87.652        87.889        88.126        88.362        88.599
        1.230         4.162        86.461        86.697        86.934        87.170        87.407        87.644        87.881
        1.220         4.172        85.742        85.979        86.215        86.452        86.689        86.926        87.163
        1.210         4.182        85.023        85.260        85.497        85.733        85.970        86.207        86.444
        1.200         4.192        84.305        84.541        84.778        85.015        85.252        85.489        85.726
        1.190         4.202        83.586        83.823        84.060        84.296        84.533        84.770        85.007
        1.180         4.212        82.868        83.104        83.341        83.578        83.815        84.052        84.289
        1.170         4.222        82.149        82.386        82.623        82.860        83.097        83.334        83.571
        1.160         4.232        81.431        81.667        81.904        82.141        82.378        82.615        82.853
        1.150         4.242        80.712        80.949        81.186        81.423        81.660        81.897        82.134
        1.140         4.252        79.994        80.230        80.467        80.704        80.942        81.179        81.416
        1.130         4.262        79.275        79.512        79.749        79.986        80.223        80.461        80.698
        1.120         4.272        78.557        78.794        79.031        79.268        79.505        79.742        79.980
        1.110         4.282        77.838        78.075        78.312        78.550        78.787        79.024        79.262
        1.100         4.292        77.120        77.357        77.594        77.831        78.069        78.306        78.544
        1.090         4.302        76.401        76.639        76.876        77.113        77.351        77.588        77.826
        1.080         4.312        75.683        75.920        76.158        76.395        76.632        76.870        77.108
        1.070         4.322        74.965        75.202        75.439        75.677        75.914        76.152        76.390
        1.060         4.332        74.246        74.484        74.721        74.959        75.196        75.434        75.672
        1.050         4.342        73.528        73.765        74.003        74.240        74.478        74.716        74.954
        1.040         4.352        72.810        73.047        73.285        73.522        73.760        73.998        74.236
        1.030         4.362        72.092        72.329        72.567        72.804        73.042        73.280        73.518
        1.020         4.372        71.373        71.611        71.849        72.086        72.324        72.562        72.800
        1.010         4.382        70.655        70.893        71.130        71.368        71.606        71.844        72.082
        1.000         4.392        69.937        70.175        70.412        70.650        70.888        71.126        71.364
        0.990         4.402        69.219        69.457        69.694        69.932        70.170        70.408        70.646
        0.980         4.412        68.501        68.739        68.976        69.214        69.452        69.690        69.928
        0.970         4.422        67.783        68.021        68.258        68.496        68.734        68.972        69.211
        0.960         4.432        67.065        67.303        67.540        67.778        68.016        68.255        68.493
        0.950         4.442        66.347        66.585        66.822        67.060        67.299        67.537        67.775
        0.940         4.452        65.629        65.867        66.105        66.343        66.581        66.819        67.057
        0.930         4.462        64.911        65.149        65.387        65.625        65.863        66.101        66.340
        0.920         4.472        64.193        64.431        64.669        64.907        65.145        65.384        65.622
        0.910         4.482        63.475        63.713        63.951        64.189        64.428        64.666        64.904
        0.900         4.492        62.757        62.995        63.233        63.471        63.710        63.948        64.187
        0.890         4.502        62.039        62.277        62.515        62.754        62.992        63.231        63.469
        0.880         4.512        61.321        61.559        61.798        62.036        62.274        62.513        62.752
        0.870         4.522        60.603        60.842        61.080        61.318        61.557        61.795        62.034
        0.860         4.532        59.886        60.124        60.362        60.601        60.839        61.078        61.317
        0.850         4.542        59.168        59.406        59.644        59.883        60.122        60.360        60.599
        0.840         4.552        58.450        58.688        58.927        59.165        59.404        59.643        59.882
        0.830         4.562        57.732        57.971        58.209        58.448        58.686        58.925        59.164
        0.820         4.572        57.015        57.253        57.492        57.730        57.969        58.208        58.447
        0.810         4.582        56.297        56.535        56.774        57.013        57.251        57.490        57.729
        0.800         4.592        55.579        55.818        56.056        56.295        56.534        56.773        57.012
        0.790         4.602        54.862        55.100        55.339        55.578        55.817        56.056        56.295
        0.780         4.612        54.144        54.383        54.621        54.860        55.099        55.338        55.577
        0.770         4.622        53.426        53.665        53.904        54.143        54.382        54.621        54.860
        0.760         4.632        52.709        52.948        53.186        53.425        53.664        53.903        54.143
        0.750         4.642        51.991        52.230        52.469        52.708        52.947        53.186        53.425
        0.740         4.652        51.274        51.513        51.751        51.991        52.230        52.469        52.708
        0.730         4.662        50.556        50.795        51.034        51.273        51.512        51.752        51.991
        0.720         4.672        49.839        50.078        50.317        50.556        50.795        51.034        51.274
        0.710         4.682        49.121        49.360        49.599        49.839        50.078        50.317        50.557
        0.700         4.692        48.404        48.643        48.882        49.121        49.361        49.600        49.840
        0.690         4.702        47.686        47.926        48.165        48.404        48.643        48.883        49.122
        0.680         4.712        46.969        47.208        47.447        47.687        47.926        48.166        48.405
        0.670         4.722        46.252        46.491        46.730        46.970        47.209        47.449        47.688
        0.660         4.732        45.534        45.774        46.013        46.252        46.492        46.732        46.971
        0.650         4.742        44.817        45.056        45.296        45.535        45.775        46.015        46.254
        0.640         4.752        44.100        44.339        44.579        44.818        45.058        45.298        45.538
        0.630         4.762        43.383        43.622        43.861        44.101        44.341        44.580        44.822
        0.620         4.772        42.665        42.905        43.144        43.384        43.624        43.864        44.108
        0.610         4.782        41.948        42.188        42.427        42.667        42.907        43.147        43.394
        0.600         4.792        41.231        41.470        41.710        41.950        42.190        42.432        42.681
        0.590         4.802        40.514        40.753        40.993        41.233        41.473        41.718        41.969
        0.580         4.812        39.797        40.036        40.276        40.516        40.757        41.005        41.257
        0.570         4.822        39.080        39.319        39.559        39.799        40.042        40.293        40.547
        0.560         4.832        38.362        38.602        38.842        39.082        39.329        39.582        39.837
        0.550         4.842        37.645        37.885        38.125        38.366        38.617        38.872        39.128
        0.540         4.852        36.928        37.168        37.408        37.653        37.906        38.163        38.420
        0.530         4.862        36.212        36.451        36.691        36.941        37.197        37.455        37.713
        0.520         4.872        35.499        35.734        35.977        36.231        36.489        36.748        37.007
        0.510         4.882        34.791        35.017        35.266        35.524        35.783        36.042        36.301
        0.500         4.892        34.086        34.300        34.559        34.819        35.078        35.337        35.596
        0.490         4.902        33.386        33.610        33.857        34.115        34.374        34.633        34.893
        0.480         4.912        32.689        32.920        33.159        33.414        33.672        33.930        34.190
        0.470         4.922        31.997        32.230        32.464        32.715        32.971        33.229        33.488
        0.460         4.932        31.307        31.540        31.774        32.017        32.271        32.528        32.789
        0.450         4.942        30.617        30.850        31.084        31.322        31.573        31.828        32.091
        0.440         4.952        29.927        30.160        30.394        30.629        30.876        31.131        31.395
        0.430         4.962        29.237        29.471        29.704        29.938        30.181        30.435        30.701
        0.420         4.972        28.547        28.781        29.014        29.248        29.487        29.742        30.008
        0.410         4.982        27.857        28.091        28.325        28.558        28.795        29.052        29.316
        0.400         4.992        27.167        27.401        27.635        27.869        28.107        28.363        28.625
        0.390         5.002        26.477        26.711        26.945        27.179        27.421        27.676        27.935
        0.380         5.012        25.788        26.021        26.255        26.491        26.738        26.990        27.245
        0.370         5.022        25.098        25.332        25.565        25.805        26.056        26.305        26.557
        0.360         5.032        24.409        24.642        24.876        25.122        25.375        25.622        25.869
        0.350         5.042        23.725        23.952        24.189        24.442        24.695        24.939        25.182
        0.340         5.052        23.045        23.262        23.507        23.764        24.014        24.256        24.496
        0.330         5.062        22.372        22.573        22.831        23.088        23.333        23.573        23.811
        0.320         5.072        21.703        21.917        22.160        22.411        22.652        22.890        23.126
        0.310         5.082        21.039        21.262        21.494        21.735        21.971        22.207        22.442
        0.300         5.092        20.375        20.607        20.830        21.058        21.290        21.524        21.758
        0.290         5.102        19.709        19.952        20.166        20.382        20.610        20.841        21.074
        0.280         5.112        19.038        19.296        19.498        19.705        19.929        20.158        20.390
        0.270         5.122        18.362        18.607        18.824        19.029        19.248        19.475        19.706
        0.260         5.132        17.680        17.917        18.145        18.352        18.567        18.793        19.022
        0.250         5.142        16.994        17.228        17.462        17.675        17.887        18.110        18.338
        0.240         5.152        16.304        16.539        16.773        16.995        17.206        17.427        17.654
        0.230         5.162        15.615        15.849        16.084        16.313        16.526        16.744        16.970
        0.220         5.172        14.925        15.160        15.394        15.628        15.845        16.062        16.286
        0.210         5.182        14.236        14.470        14.705        14.940        15.163        15.379        15.602
        0.200         5.192        13.546        13.781        14.016        14.251        14.479        14.696        14.918
        0.190         5.202        12.857        13.092        13.327        13.561        13.794        14.014        14.234
        0.180         5.212        12.168        12.403        12.637        12.872        13.107        13.331        13.550
        0.170         5.222        11.479        11.713        11.948        12.183        12.418        12.647        12.866
        0.160         5.232        10.789        11.024        11.259        11.494        11.729        11.961        12.182
        0.150         5.242        10.100        10.335        10.570        10.805        11.040        11.274        11.499
        0.140         5.252         9.411         9.646         9.881        10.116        10.351        10.586        10.829
        0.130         5.262         8.722         8.957         9.192         9.427         9.662         9.897        10.176
        0.120         5.272         8.032         8.268         8.503         8.738         8.973         9.209         9.541
        0.110         5.282         7.343         7.578         7.814         8.049         8.284         8.536         8.924
        0.100         5.292         6.654         6.889         7.125         7.360         7.595         7.887         8.326
        0.090         5.302         5.965         6.200         6.436         6.671         6.907         7.262         7.746
        0.080         5.312         5.276         5.511         5.747         5.982         6.238         6.661         7.186
        0.070         5.322         4.587         4.822         5.058         5.293         5.601         6.084         6.645
        0.060         5.332         3.898         4.133         4.369         4.605         4.996         5.531         6.126
        0.050         5.342         3.209         3.444         3.680         3.943         4.422         5.004         5.626
        0.040         5.352         2.520         2.755         2.991         3.330         3.883         4.501         5.147
        0.030         5.362         1.848         2.067         2.302         2.766         3.376         4.024         4.688
        0.020         5.372         1.275         1.378         1.665         2.251         2.904         3.573         4.250
        0.010         5.382          .809          .689         1.125         1.786         2.465         3.148         3.833
        0.000         5.392          .452          .000          .687         1.375         2.062         2.749         3.437
