0
3
        5.020         0.375      371.099      370.978      370.646      370.109      369.445      368.692      367.866
        5.010         0.385      370.837      370.670      370.320      369.793      369.111      368.335      367.490
        5.000         0.395      370.523      370.322      369.954      369.433      368.746      367.953      367.093
        4.990         0.405      370.169      369.937      369.552      369.028      368.349      367.546      366.676
        4.980         0.415      369.779      369.520      369.118      368.586      367.917      367.112      366.239
        4.970         0.425      369.356      369.072      368.654      368.113      367.449      366.652      365.781
        4.960         0.435      368.902      368.595      368.162      367.611      366.946      366.165      365.301
        4.950         0.445      368.420      368.091      367.642      367.082      366.413      365.650      364.801
        4.940         0.455      367.911      367.562      367.098      366.527      365.856      365.106      364.278
        4.930         0.465      367.377      367.008      366.530      365.948      365.275      364.537      363.733
        4.920         0.475      366.818      366.431      365.938      365.347      364.674      363.946      363.167
        4.910         0.485      366.235      365.831      365.325      364.724      364.053      363.337      362.578
        4.900         0.495      365.631      365.209      364.690      364.081      363.415      362.711      361.969
        4.890         0.505      365.004      364.567      364.034      363.420      362.761      362.070      361.345
        4.880         0.515      364.357      363.904      363.358      362.743      362.093      361.415      360.705
        4.870         0.525      363.689      363.221      362.664      362.052      361.413      360.747      360.053
        4.860         0.535      363.002      362.519      361.954      361.349      360.721      360.068      359.388
        4.850         0.545      362.297      361.799      361.230      360.635      360.018      359.378      358.712
        4.840         0.555      361.575      361.060      360.496      359.912      359.307      358.679      358.026
        4.830         0.565      360.839      360.309      359.754      359.180      358.586      357.970      357.330
        4.820         0.575      360.094      359.553      359.005      358.441      357.858      357.253      356.626
        4.810         0.585      359.343      358.797      358.251      357.696      357.123      356.530      355.914
        4.800         0.595      358.589      358.042      357.495      356.946      356.382      355.799      355.195
        4.790         0.605      357.833      357.286      356.739      356.192      355.636      355.062      354.469
        4.780         0.615      357.077      356.531      355.984      355.437      354.886      354.321      353.737
        4.770         0.625      356.322      355.775      355.228      354.681      354.133      353.575      353.000
        4.760         0.635      355.566      355.019      354.472      353.925      353.378      352.825      352.258
        4.750         0.645      354.810      354.263      353.716      353.169      352.622      352.073      351.513
        4.740         0.655      354.055      353.508      352.961      352.413      351.866      351.319      350.764
        4.730         0.665      353.299      352.752      352.205      351.658      351.110      350.563      350.012
        4.720         0.675      352.543      351.996      351.449      350.902      350.355      349.807      349.259
        4.710         0.685      351.787      351.240      350.693      350.146      349.599      349.051      348.504
        4.700         0.695      351.031      350.484      349.937      349.390      348.843      348.295      347.748
        4.690         0.705      350.276      349.729      349.182      348.634      348.087      347.540      346.992
        4.680         0.715      349.520      348.973      348.426      347.878      347.331      346.784      346.236
        4.670         0.725      348.764      348.217      347.670      347.123      346.575      346.028      345.480
        4.660         0.735      348.008      347.461      346.914      346.367      345.819      345.272      344.724
        4.650         0.745      347.252      346.705      346.158      345.611      345.063      344.516      343.968
        4.640         0.755      346.496      345.949      345.402      344.855      344.307      343.760      343.213
        4.630         0.765      345.740      345.193      344.646      344.099      343.551      343.004      342.458
        4.620         0.775      344.984      344.437      343.890      343.343      342.795      342.248      341.703
        4.610         0.785      344.228      343.681      343.134      342.587      342.039      341.491      340.950
        4.600         0.795      343.472      342.925      342.378      341.830      341.283      340.736      340.197
        4.590         0.805      342.716      342.169      341.622      341.074      340.527      339.981      339.444
        4.580         0.815      341.960      341.413      340.866      340.318      339.771      339.227      338.692
        4.570         0.825      341.204      340.657      340.110      339.562      339.015      338.474      337.941
        4.560         0.835      340.448      339.901      339.353      338.806      338.259      337.721      337.191
        4.550         0.845      339.692      339.145      338.597      338.050      337.504      336.969      336.441
        4.540         0.855      338.936      338.389      337.841      337.294      336.750      336.218      335.691
        4.530         0.865      338.180      337.633      337.085      336.538      335.998      335.468      334.943
        4.520         0.875      337.424      336.876      336.329      335.781      335.246      334.718      334.194
        4.510         0.885      336.668      336.120      335.573      335.027      334.495      333.970      333.447
        4.500         0.895      335.911      335.364      334.816      334.274      333.746      333.222      332.700
        4.490         0.905      335.155      334.608      334.060      333.522      332.997      332.475      331.954
        4.480         0.915      334.399      333.852      333.304      332.773      332.249      331.728      331.208
        4.470         0.925      333.643      333.095      332.550      332.024      331.503      330.983      330.463
        4.460         0.935      332.887      332.339      331.799      331.277      330.757      330.238      329.719
        4.450         0.945      332.135      331.583      331.052      330.532      330.013      329.494      328.975
        4.440         0.955      331.386      330.826      330.308      329.789      329.270      328.751      328.232
        4.430         0.965      330.641      330.092      329.566      329.047      328.527      328.008      327.489
        4.420         0.975      329.898      329.359      328.828      328.306      327.786      327.267      326.747
        4.410         0.985      329.158      328.625      328.093      327.567      327.046      326.526      326.006
        4.400         0.995      328.422      327.891      327.359      326.830      326.307      325.785      325.265
        4.390         1.005      327.688      327.157      326.625      326.094      325.568      325.046      324.525
        4.380         1.015      326.954      326.423      325.891      325.360      324.831      324.307      323.785
        4.370         1.025      326.220      325.689      325.157      324.626      324.095      323.570      323.046
        4.360         1.035      325.486      324.955      324.423      323.892      323.360      322.832      322.308
        4.350         1.045      324.752      324.221      323.689      323.158      322.626      322.096      321.570
        4.340         1.055      324.018      323.487      322.955      322.423      321.892      321.361      320.833
        4.330         1.065      323.284      322.752      322.221      321.689      321.158      320.626      320.097
        4.320         1.075      322.550      322.018      321.487      320.955      320.424      319.892      319.361
        4.310         1.085      321.816      321.284      320.753      320.221      319.689      319.158      318.626
        4.300         1.095      321.082      320.550      320.019      319.487      318.955      318.423      317.891
        4.290         1.105      320.348      319.816      319.284      318.753      318.221      317.689      317.157
        4.280         1.115      319.613      319.082      318.550      318.019      317.487      316.955      316.423
        4.270         1.125      318.879      318.348      317.816      317.284      316.753      316.221      315.689
        4.260         1.135      318.145      317.614      317.082      316.550      316.018      315.486      314.955
        4.250         1.145      317.411      316.879      316.348      315.816      315.284      314.752      314.220
        4.240         1.155      316.677      316.145      315.613      315.082      314.550      314.018      313.486
        4.230         1.165      315.943      315.411      314.879      314.347      313.816      313.284      312.752
        4.220         1.175      315.208      314.677      314.145      313.613      313.081      312.549      312.017
        4.210         1.185      314.474      313.942      313.411      312.879      312.347      311.815      311.283
        4.200         1.195      313.740      313.208      312.676      312.145      311.613      311.081      310.548
        4.190         1.205      313.006      312.474      311.942      311.410      310.878      310.346      309.814
        4.180         1.215      312.271      311.739      311.208      310.676      310.144      309.612      309.080
        4.170         1.225      311.537      311.005      310.473      309.941      309.409      308.877      308.345
        4.160         1.235      310.803      310.271      309.739      309.207      308.675      308.143      307.611
        4.150         1.245      310.068      309.536      309.005      308.473      307.941      307.409      306.876
        4.140         1.255      309.334      308.802      308.270      307.738      307.206      306.674      306.142
        4.130         1.265      308.599      308.068      307.536      307.004      306.472      305.940      305.407
        4.120         1.275      307.865      307.333      306.801      306.269      305.737      305.205      304.673
        4.110         1.285      307.131      306.599      306.067      305.535      305.003      304.471      303.939
        4.100         1.295      306.396      305.864      305.332      304.800      304.268      303.736      303.204
        4.090         1.305      305.662      305.130      304.598      304.066      303.534      303.002      302.469
        4.080         1.315      304.927      304.395      303.863      303.331      302.799      302.267      301.735
        4.070         1.325      304.193      303.661      303.129      302.597      302.065      301.533      301.000
        4.060         1.335      303.458      302.926      302.394      301.862      301.330      300.798      300.266
        4.050         1.345      302.724      302.192      301.660      301.128      300.596      300.063      299.531
        4.040         1.355      301.989      301.457      300.925      300.393      299.861      299.329      298.796
        4.030         1.365      301.255      300.723      300.191      299.659      299.126      298.594      298.062
        4.020         1.375      300.520      299.988      299.456      298.924      298.392      297.859      297.327
        4.010         1.385      299.786      299.254      298.721      298.189      297.657      297.125      296.592
        4.000         1.395      299.051      298.519      297.987      297.455      296.922      296.390      295.858
        3.990         1.405      298.316      297.784      297.252      296.720      296.188      295.655      295.123
        3.980         1.415      297.582      297.050      296.517      295.985      295.453      294.921      294.388
        3.970         1.425      296.847      296.315      295.783      295.251      294.718      294.186      293.654
        3.960         1.435      296.112      295.580      295.048      294.516      293.984      293.451      292.919
        3.950         1.445      295.378      294.846      294.313      293.781      293.249      292.716      292.184
        3.940         1.455      294.643      294.111      293.579      293.046      292.514      291.982      291.449
        3.930         1.465      293.908      293.376      292.844      292.312      291.779      291.247      290.714
        3.920         1.475      293.174      292.641      292.109      291.577      291.044      290.512      289.980
        3.910         1.485      292.439      291.907      291.374      290.842      290.310      289.777      289.245
        3.900         1.495      291.704      291.172      290.640      290.107      289.575      289.042      288.510
        3.890         1.505      290.969      290.437      289.905      289.372      288.840      288.308      287.775
        3.880         1.515      290.234      289.702      289.170      288.638      288.105      287.573      287.040
        3.870         1.525      289.500      288.967      288.435      287.903      287.370      286.838      286.305
        3.860         1.535      288.765      288.233      287.700      287.168      286.635      286.103      285.570
        3.850         1.545      288.030      287.498      286.965      286.433      285.900      285.368      284.835
        3.840         1.555      287.295      286.763      286.230      285.698      285.166      284.633      284.100
        3.830         1.565      286.560      286.028      285.496      284.963      284.431      283.898      283.365
        3.820         1.575      285.825      285.293      284.761      284.228      283.696      283.163      282.630
        3.810         1.585      285.090      284.558      284.026      283.493      282.961      282.428      281.895
        3.800         1.595      284.356      283.823      283.291      282.758      282.226      281.693      281.160
        3.790         1.605      283.621      283.088      282.556      282.023      281.491      280.958      280.425
        3.780         1.615      282.886      282.353      281.821      281.288      280.756      280.223      279.690
        3.770         1.625      282.151      281.618      281.086      280.553      280.021      279.488      278.955
        3.760         1.635      281.416      280.883      280.351      279.818      279.286      278.753      278.220
        3.750         1.645      280.681      280.148      279.616      279.083      278.551      278.018      277.485
        3.740         1.655      279.946      279.413      278.881      278.348      277.815      277.283      276.750
        3.730         1.665      279.211      278.678      278.146      277.613      277.080      276.548      276.015
        3.720         1.675      278.476      277.943      277.411      276.878      276.345      275.813      275.280
        3.710         1.685      277.741      277.208      276.676      276.143      275.610      275.077      274.545
        3.700         1.695      277.005      276.473      275.940      275.408      274.875      274.342      273.809
        3.690         1.705      276.270      275.738      275.205      274.673      274.140      273.607      273.074
        3.680         1.715      275.535      275.003      274.470      273.937      273.405      272.872      272.339
        3.670         1.725      274.800      274.268      273.735      273.202      272.670      272.137      271.604
        3.660         1.735      274.065      273.532      273.000      272.467      271.934      271.401      270.868
        3.650         1.745      273.330      272.797      272.265      271.732      271.199      270.666      270.131
        3.640         1.755      272.595      272.062      271.529      270.997      270.464      269.931      269.394
        3.630         1.765      271.860      271.327      270.794      270.262      269.729      269.196      268.655
        3.620         1.775      271.124      270.592      270.059      269.526      268.993      268.460      267.916
        3.610         1.785      270.389      269.856      269.324      268.791      268.258      267.723      267.176
        3.600         1.795      269.654      269.121      268.588      268.056      267.523      266.985      266.436
        3.590         1.805      268.919      268.386      267.853      267.320      266.788      266.246      265.694
        3.580         1.815      268.183      267.651      267.118      266.585      266.052      265.507      264.952
        3.570         1.825      267.448      266.915      266.383      265.850      265.315      264.766      264.209
        3.560         1.835      266.713      266.180      265.647      265.114      264.576      264.024      263.465
        3.550         1.845      265.978      265.445      264.912      264.379      263.837      263.281      262.720
        3.540         1.855      265.242      264.709      264.177      263.643      263.096      262.537      261.975
        3.530         1.865      264.507      263.974      263.441      262.906      262.353      261.792      261.228
        3.520         1.875      263.772      263.239      262.706      262.167      261.610      261.047      260.481
        3.510         1.885      263.036      262.503      261.971      261.425      260.865      260.300      259.733
        3.500         1.895      262.301      261.768      261.235      260.682      260.118      259.552      258.984
        3.490         1.905      261.565      261.033      260.496      259.937      259.371      258.803      258.235
        3.480         1.915      260.829      260.297      259.754      259.189      258.622      258.053      257.485
        3.470         1.925      260.088      259.562      259.008      258.440      257.871      257.302      256.733
        3.460         1.935      259.343      258.826      258.257      257.689      257.120      256.551      255.982
        3.450         1.945      258.595      258.063      257.503      256.935      256.367      255.798      255.229
        3.440         1.955      257.842      257.299      256.745      256.180      255.612      255.044      254.475
        3.430         1.965      257.086      256.536      255.983      255.423      254.857      254.289      253.721
        3.420         1.975      256.326      255.773      255.219      254.663      254.100      253.533      252.966
        3.410         1.985      255.562      255.009      254.456      253.902      253.341      252.776      252.210
        3.400         1.995      254.799      254.246      253.692      253.139      252.582      252.019      251.453
        3.390         2.005      254.035      253.482      252.929      252.376      251.821      251.260      250.695
        3.380         2.015      253.272      252.719      252.165      251.612      251.059      250.500      249.937
        3.370         2.025      252.508      251.955      251.402      250.848      250.295      249.739      249.178
        3.360         2.035      251.745      251.192      250.638      250.085      249.532      248.977      248.418
        3.350         2.045      250.981      250.428      249.875      249.321      248.768      248.214      247.657
        3.340         2.055      250.218      249.665      249.111      248.558      248.004      247.451      246.895
        3.330         2.065      249.454      248.901      248.348      247.794      247.241      246.687      246.133
        3.320         2.075      248.691      248.137      247.584      247.031      246.477      245.924      245.370
        3.310         2.085      247.927      247.374      246.820      246.267      245.713      245.160      244.606
        3.300         2.095      247.163      246.610      246.057      245.503      244.950      244.396      243.843
        3.290         2.105      246.400      245.847      245.293      244.740      244.186      243.633      243.079
        3.280         2.115      245.636      245.083      244.530      243.976      243.422      242.869      242.315
        3.270         2.125      244.873      244.319      243.766      243.212      242.659      242.105      241.551
        3.260         2.135      244.109      243.556      243.002      242.449      241.895      241.341      240.788
        3.250         2.145      243.345      242.792      242.238      241.685      241.131      240.578      240.024
        3.240         2.155      242.582      242.028      241.475      240.921      240.368      239.814      239.260
        3.230         2.165      241.818      241.264      240.711      240.157      239.604      239.050      238.496
        3.220         2.175      241.054      240.501      239.947      239.394      238.840      238.286      237.733
        3.210         2.185      240.290      239.737      239.184      238.630      238.076      237.523      236.969
        3.200         2.195      239.527      238.973      238.420      237.866      237.313      236.759      236.205
        3.190         2.205      238.763      238.210      237.656      237.102      236.549      235.995      235.441
        3.180         2.215      237.999      237.446      236.892      236.339      235.785      235.231      234.677
        3.170         2.225      237.235      236.682      236.128      235.575      235.021      234.467      233.914
        3.160         2.235      236.472      235.918      235.365      234.811      234.257      233.703      233.150
        3.150         2.245      235.708      235.154      234.601      234.047      233.493      232.940      232.388
        3.140         2.255      234.944      234.390      233.837      233.283      232.729      232.176      231.626
        3.130         2.265      234.180      233.627      233.073      232.519      231.966      231.412      230.866
        3.120         2.275      233.416      232.863      232.309      231.755      231.202      230.649      230.106
        3.110         2.285      232.652      232.099      231.545      230.992      230.438      229.886      229.346
        3.100         2.295      231.889      231.335      230.781      230.228      229.674      229.125      228.588
        3.090         2.305      231.125      230.571      230.017      229.464      228.910      228.365      227.830
        3.080         2.315      230.361      229.807      229.254      228.700      228.146      227.605      227.074
        3.070         2.325      229.597      229.043      228.490      227.936      227.384      226.847      226.318
        3.060         2.335      228.833      228.279      227.726      227.172      226.623      226.090      225.562
        3.050         2.345      228.069      227.515      226.962      226.408      225.864      225.333      224.808
        3.040         2.355      227.305      226.751      226.198      225.644      225.106      224.578      224.054
        3.030         2.365      226.541      225.987      225.434      224.882      224.349      223.824      223.301
        3.020         2.375      225.777      225.223      224.670      224.122      223.593      223.070      222.549
        3.010         2.385      225.013      224.459      223.906      223.364      222.839      222.318      221.798
        3.000         2.395      224.249      223.695      223.142      222.609      222.086      221.567      221.048
        2.990         2.405      223.485      222.931      222.381      221.855      221.335      220.816      220.298
        2.980         2.415      222.722      222.167      221.624      221.103      220.585      220.067      219.549
        2.970         2.425      221.964      221.403      220.871      220.353      219.836      219.319      218.801
        2.960         2.435      221.209      220.639      220.122      219.605      219.088      218.571      218.054
        2.950         2.445      220.458      219.904      219.377      218.859      218.342      217.825      217.308
        2.940         2.455      219.712      219.168      218.637      218.116      217.597      217.080      216.562
        2.930         2.465      218.969      218.433      217.900      217.374      216.854      216.335      215.817
        2.920         2.475      218.231      217.698      217.165      216.634      216.112      215.592      215.073
        2.910         2.485      217.495      216.962      216.429      215.896      215.371      214.850      214.330
        2.900         2.495      216.760      216.227      215.694      215.161      214.631      214.108      213.587
        2.890         2.505      216.024      215.491      214.958      214.425      213.893      213.368      212.846
        2.880         2.515      215.289      214.756      214.223      213.690      213.157      212.629      212.105
        2.870         2.525      214.553      214.020      213.487      212.954      212.421      211.890      211.365
        2.860         2.535      213.818      213.285      212.752      212.219      211.685      211.153      210.625
        2.850         2.545      213.082      212.549      212.016      211.483      210.950      210.417      209.887
        2.840         2.555      212.347      211.814      211.281      210.748      210.214      209.681      209.149
        2.830         2.565      211.611      211.078      210.545      210.012      209.479      208.945      208.412
        2.820         2.575      210.876      210.343      209.810      209.276      208.743      208.210      207.676
        2.810         2.585      210.140      209.607      209.074      208.541      208.008      207.474      206.941
        2.800         2.595      209.405      208.872      208.339      207.805      207.272      206.739      206.205
        2.790         2.605      208.669      208.136      207.603      207.070      206.536      206.003      205.470
        2.780         2.615      207.934      207.401      206.867      206.334      205.801      205.267      204.734
        2.770         2.625      207.198      206.665      206.132      205.598      205.065      204.532      203.998
        2.760         2.635      206.463      205.929      205.396      204.863      204.330      203.796      203.263
        2.750         2.645      205.727      205.194      204.661      204.127      203.594      203.060      202.527
        2.740         2.655      204.991      204.458      203.925      203.392      202.858      202.325      201.791
        2.730         2.665      204.256      203.723      203.189      202.656      202.123      201.589      201.056
        2.720         2.675      203.520      202.987      202.454      201.920      201.387      200.853      200.320
        2.710         2.685      202.785      202.251      201.718      201.185      200.651      200.118      199.584
        2.700         2.695      202.049      201.516      200.982      200.449      199.915      199.382      198.848
        2.690         2.705      201.313      200.780      200.247      199.713      199.180      198.646      198.113
        2.680         2.715      200.577      200.044      199.511      198.977      198.444      197.910      197.377
        2.670         2.725      199.842      199.308      198.775      198.242      197.708      197.175      196.641
        2.660         2.735      199.106      198.573      198.039      197.506      196.972      196.439      195.905
        2.650         2.745      198.370      197.837      197.304      196.770      196.237      195.703      195.170
        2.640         2.755      197.635      197.101      196.568      196.034      195.501      194.967      194.434
        2.630         2.765      196.899      196.366      195.832      195.299      194.765      194.232      193.698
        2.620         2.775      196.163      195.630      195.096      194.563      194.029      193.496      192.962
        2.610         2.785      195.427      194.894      194.361      193.827      193.294      192.760      192.226
        2.600         2.795      194.692      194.158      193.625      193.091      192.558      192.024      191.490
        2.590         2.805      193.956      193.422      192.889      192.355      191.822      191.288      190.755
        2.580         2.815      193.220      192.687      192.153      191.620      191.086      190.552      190.019
        2.570         2.825      192.484      191.951      191.417      190.884      190.350      189.817      189.283
        2.560         2.835      191.748      191.215      190.681      190.148      189.614      189.081      188.547
        2.550         2.845      191.012      190.479      189.946      189.412      188.878      188.345      187.811
        2.540         2.855      190.277      189.743      189.210      188.676      188.143      187.609      187.075
        2.530         2.865      189.541      189.007      188.474      187.940      187.407      186.873      186.339
        2.520         2.875      188.805      188.271      187.738      187.204      186.671      186.137      185.603
        2.510         2.885      188.069      187.535      187.002      186.468      185.935      185.401      184.867
        2.500         2.895      187.333      186.800      186.266      185.732      185.199      184.665      184.131
        2.490         2.905      186.597      186.064      185.530      184.997      184.463      183.929      183.395
        2.480         2.915      185.861      185.328      184.794      184.261      183.727      183.193      182.659
        2.470         2.925      185.125      184.592      184.058      183.525      182.991      182.457      181.923
        2.460         2.935      184.389      183.856      183.322      182.789      182.255      181.721      181.187
        2.450         2.945      183.653      183.120      182.586      182.053      181.519      180.985      180.451
        2.440         2.955      182.917      182.384      181.850      181.317      180.783      180.249      179.715
        2.430         2.965      182.181      181.648      181.114      180.581      180.047      179.513      178.979
        2.420         2.975      181.445      180.912      180.378      179.845      179.311      178.777      178.243
        2.410         2.985      180.709      180.176      179.642      179.109      178.575      178.041      177.507
        2.400         2.995      179.973      179.440      178.906      178.373      177.839      177.305      176.771
        2.390         3.005      179.237      178.704      178.170      177.636      177.103      176.569      176.035
        2.380         3.015      178.501      177.968      177.434      176.900      176.367      175.833      175.299
        2.370         3.025      177.765      177.232      176.698      176.164      175.630      175.097      174.563
        2.360         3.035      177.029      176.496      175.962      175.428      174.894      174.361      173.827
        2.350         3.045      176.293      175.759      175.226      174.692      174.158      173.624      173.091
        2.340         3.055      175.557      175.023      174.490      173.956      173.422      172.888      172.354
        2.330         3.065      174.821      174.287      173.754      173.220      172.686      172.152      171.618
        2.320         3.075      174.085      173.551      173.017      172.484      171.950      171.416      170.882
        2.310         3.085      173.349      172.815      172.281      171.748      171.214      170.680      170.146
        2.300         3.095      172.613      172.079      171.545      171.011      170.478      169.944      169.410
        2.290         3.105      171.876      171.343      170.809      170.275      169.741      169.207      168.673
        2.280         3.115      171.140      170.607      170.073      169.539      169.005      168.471      167.937
        2.270         3.125      170.404      169.870      169.337      168.803      168.269      167.735      167.201
        2.260         3.135      169.668      169.134      168.600      168.067      167.533      166.999      166.465
        2.250         3.145      168.932      168.398      167.864      167.330      166.796      166.263      165.729
        2.240         3.155      168.196      167.662      167.128      166.594      166.060      165.526      164.992
        2.230         3.165      167.459      166.926      166.392      165.858      165.324      164.790      164.256
        2.220         3.175      166.723      166.189      165.656      165.122      164.588      164.054      163.520
        2.210         3.185      165.987      165.453      164.919      164.385      163.852      163.318      162.783
        2.200         3.195      165.251      164.717      164.183      163.649      163.115      162.581      162.047
        2.190         3.205      164.515      163.981      163.447      162.913      162.379      161.845      161.311
        2.180         3.215      163.778      163.244      162.711      162.177      161.643      161.109      160.574
        2.170         3.225      163.042      162.508      161.974      161.440      160.906      160.372      159.836
        2.160         3.235      162.306      161.772      161.238      160.704      160.170      159.636      159.097
        2.150         3.245      161.569      161.036      160.502      159.968      159.434      158.900      158.358
        2.140         3.255      160.833      160.299      159.765      159.231      158.697      158.163      157.618
        2.130         3.265      160.097      159.563      159.029      158.495      157.961      157.425      156.876
        2.120         3.275      159.360      158.827      158.293      157.759      157.225      156.686      156.135
        2.110         3.285      158.624      158.090      157.556      157.022      156.488      155.946      155.392
        2.100         3.295      157.888      157.354      156.820      156.286      155.751      155.205      154.648
        2.090         3.305      157.151      156.617      156.083      155.549      155.013      154.463      153.904
        2.080         3.315      156.415      155.881      155.347      154.813      154.274      153.720      153.159
        2.070         3.325      155.679      155.145      154.611      154.077      153.533      152.975      152.413
        2.060         3.335      154.942      154.408      153.874      153.340      152.791      152.230      151.666
        2.050         3.345      154.206      153.672      153.138      152.601      152.047      151.484      150.918
        2.040         3.355      153.469      152.935      152.401      151.861      151.302      150.737      150.169
        2.030         3.365      152.733      152.199      151.665      151.118      150.556      149.989      149.420
        2.020         3.375      151.997      151.463      150.928      150.374      149.808      149.240      148.670
        2.010         3.385      151.260      150.726      150.189      149.627      149.059      148.489      147.919
        2.000         3.395      150.522      149.990      149.445      148.878      148.308      147.738      147.167
        1.990         3.405      149.781      149.253      148.697      148.127      147.557      146.986      146.415
        1.980         3.415      149.035      148.517      147.946      147.375      146.804      146.232      145.661
        1.970         3.425      148.285      147.751      147.190      146.620      146.049      145.478      144.907
        1.960         3.435      147.531      146.986      146.430      145.863      145.293      144.723      144.152
        1.950         3.445      146.773      146.221      145.666      145.104      144.536      143.966      143.396
        1.940         3.455      146.010      145.456      144.901      144.343      143.777      143.209      142.639
        1.930         3.465      145.245      144.690      144.135      143.580      143.017      142.450      141.882
        1.920         3.475      144.480      143.925      143.370      142.815      142.256      141.691      141.123
        1.910         3.485      143.715      143.160      142.605      142.050      141.493      140.930      140.364
        1.900         3.495      142.949      142.395      141.840      141.285      140.729      140.169      139.604
        1.890         3.505      142.184      141.629      141.074      140.519      139.964      139.406      138.843
        1.880         3.515      141.419      140.864      140.309      139.754      139.199      138.643      138.082
        1.870         3.525      140.654      140.099      139.544      138.988      138.433      137.878      137.319
        1.860         3.535      139.888      139.333      138.778      138.223      137.668      137.113      136.556
        1.850         3.545      139.123      138.568      138.013      137.458      136.903      136.347      135.792
        1.840         3.555      138.357      137.803      137.247      136.692      136.137      135.582      135.027
        1.830         3.565      137.592      137.037      136.482      135.927      135.372      134.817      134.261
        1.820         3.575      136.827      136.272      135.717      135.162      134.606      134.051      133.496
        1.810         3.585      136.061      135.506      134.951      134.396      133.841      133.286      132.731
        1.800         3.595      135.296      134.741      134.186      133.631      133.076      132.520      131.965
        1.790         3.605      134.531      133.976      133.420      132.865      132.310      131.755      131.200
        1.780         3.615      133.765      133.210      132.655      132.100      131.545      130.989      130.434
        1.770         3.625      133.000      132.445      131.890      131.334      130.779      130.224      129.669
        1.760         3.635      132.234      131.679      131.124      130.569      130.014      129.458      128.903
        1.750         3.645      131.469      130.914      130.359      129.803      129.248      128.693      128.138
        1.740         3.655      130.703      130.148      129.593      129.038      128.483      127.928      127.372
        1.730         3.665      129.938      129.383      128.828      128.273      127.717      127.162      126.607
        1.720         3.675      129.173      128.617      128.062      127.507      126.952      126.396      125.841
        1.710         3.685      128.407      127.852      127.297      126.742      126.186      125.631      125.076
        1.700         3.695      127.642      127.086      126.531      125.976      125.421      124.865      124.310
        1.690         3.705      126.876      126.321      125.766      125.210      124.655      124.100      123.545
        1.680         3.715      126.111      125.555      125.000      124.445      123.890      123.334      122.780
        1.670         3.725      125.345      124.790      124.235      123.679      123.124      122.569      122.016
        1.660         3.735      124.580      124.024      123.469      122.914      122.359      121.803      121.253
        1.650         3.745      123.814      123.259      122.704      122.148      121.593      121.038      120.490
        1.640         3.755      123.049      122.493      121.938      121.383      120.827      120.273      119.729
        1.630         3.765      122.283      121.728      121.172      120.617      120.062      119.509      118.968
        1.620         3.775      121.517      120.962      120.407      119.852      119.296      118.746      118.208
        1.610         3.785      120.752      120.197      119.641      119.086      118.531      117.984      117.449
        1.600         3.795      119.986      119.431      118.876      118.320      117.766      117.223      116.691
        1.590         3.805      119.221      118.665      118.110      117.555      117.002      116.463      115.934
        1.580         3.815      118.455      117.900      117.345      116.789      116.239      115.705      115.177
        1.570         3.825      117.690      117.134      116.579      116.024      115.478      114.947      114.421
        1.560         3.835      116.924      116.369      115.813      115.258      114.719      114.190      113.666
        1.550         3.845      116.158      115.603      115.048      114.495      113.961      113.435      112.912
        1.540         3.855      115.393      114.837      114.282      113.733      113.204      112.680      112.159
        1.530         3.865      114.627      114.072      113.516      112.974      112.448      111.927      111.407
        1.520         3.875      113.862      113.306      112.751      112.217      111.694      111.174      110.655
        1.510         3.885      113.096      112.541      111.989      111.462      110.942      110.423      109.905
        1.500         3.895      112.332      111.775      111.230      110.709      110.190      109.672      109.155
        1.490         3.905      111.572      111.009      110.476      109.958      109.440      108.923      108.406
        1.480         3.915      110.816      110.244      109.726      109.209      108.692      108.175      107.657
        1.470         3.925      110.064      109.508      108.981      108.462      107.945      107.427      106.910
        1.460         3.935      109.316      108.772      108.239      107.718      107.199      106.681      106.163
        1.450         3.945      108.573      108.036      107.502      106.975      106.455      105.936      105.418
        1.440         3.955      107.834      107.300      106.766      106.235      105.712      105.192      104.673
        1.430         3.965      107.098      106.564      106.030      105.496      104.970      104.449      103.929
        1.420         3.975      106.362      105.828      105.294      104.760      104.230      103.707      103.185
        1.410         3.985      105.626      105.092      104.558      104.024      103.491      102.965      102.443
        1.400         3.995      104.890      104.356      103.822      103.288      102.754      102.225      101.701
        1.390         4.005      104.154      103.620      103.086      102.552      102.018      101.486      100.961
        1.380         4.015      103.418      102.884      102.350      101.816      101.282      100.749      100.221
        1.370         4.025      102.682      102.148      101.614      101.080      100.546      100.012       99.482
        1.360         4.035      101.946      101.412      100.878      100.344       99.810       99.276       98.743
        1.350         4.045      101.210      100.676      100.142       99.608       99.074       98.540       98.006
        1.340         4.055      100.474       99.940       99.406       98.872       98.338       97.803       97.269
        1.330         4.065       99.738       99.204       98.670       98.136       97.601       97.067       96.533
        1.320         4.075       99.002       98.468       97.934       97.399       96.865       96.331       95.797
        1.310         4.085       98.266       97.731       97.197       96.663       96.129       95.595       95.061
        1.300         4.095       97.529       96.995       96.461       95.927       95.393       94.859       94.325
        1.290         4.105       96.793       96.259       95.725       95.191       94.657       94.123       93.589
        1.280         4.115       96.057       95.523       94.989       94.455       93.921       93.387       92.853
        1.270         4.125       95.321       94.787       94.253       93.719       93.185       92.651       92.117
        1.260         4.135       94.585       94.051       93.517       92.983       92.449       91.915       91.380
        1.250         4.145       93.849       93.315       92.781       92.247       91.713       91.178       90.644
        1.240         4.155       93.113       92.579       92.045       91.511       90.976       90.442       89.908
        1.230         4.165       92.377       91.843       91.309       90.775       90.240       89.706       89.172
        1.220         4.175       91.641       91.107       90.573       90.038       89.504       88.970       88.436
        1.210         4.185       90.905       90.371       89.836       89.302       88.768       88.234       87.700
        1.200         4.195       90.169       89.634       89.100       88.566       88.032       87.498       86.963
        1.190         4.205       89.433       88.898       88.364       87.830       87.296       86.761       86.227
        1.180         4.215       88.696       88.162       87.628       87.094       86.560       86.025       85.491
        1.170         4.225       87.960       87.426       86.892       86.358       85.823       85.289       84.755
        1.160         4.235       87.224       86.690       86.156       85.621       85.087       84.553       84.019
        1.150         4.245       86.488       85.954       85.419       84.885       84.351       83.817       83.282
        1.140         4.255       85.752       85.218       84.683       84.149       83.615       83.080       82.546
        1.130         4.265       85.016       84.481       83.947       83.413       82.879       82.344       81.810
        1.120         4.275       84.279       83.745       83.211       82.677       82.142       81.608       81.074
        1.110         4.285       83.543       83.009       82.475       81.940       81.406       80.872       80.337
        1.100         4.295       82.807       82.273       81.739       81.204       80.670       80.136       79.601
        1.090         4.305       82.071       81.537       81.002       80.468       79.934       79.399       78.865
        1.080         4.315       81.335       80.800       80.266       79.732       79.197       78.663       78.129
        1.070         4.325       80.599       80.064       79.530       78.996       78.461       77.927       77.393
        1.060         4.335       79.862       79.328       78.794       78.259       77.725       77.191       76.656
        1.050         4.345       79.126       78.592       78.057       77.523       76.989       76.454       75.920
        1.040         4.355       78.390       77.856       77.321       76.787       76.253       75.718       75.184
        1.030         4.365       77.654       77.119       76.585       76.051       75.516       74.982       74.447
        1.020         4.375       76.917       76.383       75.849       75.314       74.780       74.246       73.711
        1.010         4.385       76.181       75.647       75.113       74.578       74.044       73.509       72.975
        1.000         4.395       75.445       74.911       74.376       73.842       73.307       72.773       72.239
        0.990         4.405       74.709       74.174       73.640       73.106       72.571       72.037       71.502
        0.980         4.415       73.973       73.438       72.904       72.369       71.835       71.300       70.766
        0.970         4.425       73.236       72.702       72.168       71.633       71.099       70.564       70.030
        0.960         4.435       72.500       71.966       71.431       70.897       70.362       69.828       69.293
        0.950         4.445       71.764       71.229       70.695       70.161       69.626       69.092       68.557
        0.940         4.455       71.028       70.493       69.959       69.424       68.890       68.355       67.821
        0.930         4.465       70.291       69.757       69.222       68.688       68.154       67.619       67.085
        0.920         4.475       69.555       69.021       68.486       67.952       67.417       66.883       66.348
        0.910         4.485       68.819       68.284       67.750       67.215       66.681       66.146       65.612
        0.900         4.495       68.082       67.548       67.014       66.479       65.945       65.410       64.876
        0.890         4.505       67.346       66.812       66.277       65.743       65.208       64.674       64.139
        0.880         4.515       66.610       66.075       65.541       65.007       64.472       63.938       63.403
        0.870         4.525       65.874       65.339       64.805       64.270       63.736       63.201       62.667
        0.860         4.535       65.137       64.603       64.068       63.534       62.999       62.465       61.930
        0.850         4.545       64.401       63.867       63.332       62.798       62.263       61.729       61.194
        0.840         4.555       63.665       63.130       62.596       62.061       61.527       60.992       60.458
        0.830         4.565       62.929       62.394       61.860       61.325       60.791       60.256       59.722
        0.820         4.575       62.192       61.658       61.123       60.589       60.054       59.520       58.985
        0.810         4.585       61.456       60.921       60.387       59.853       59.318       58.783       58.249
        0.800         4.595       60.720       60.185       59.651       59.116       58.582       58.047       57.513
        0.790         4.605       59.983       59.449       58.914       58.380       57.845       57.311       56.776
        0.780         4.615       59.247       58.713       58.178       57.644       57.109       56.575       56.040
        0.770         4.625       58.511       57.976       57.442       56.907       56.373       55.838       55.304
        0.760         4.635       57.775       57.240       56.706       56.171       55.636       55.102       54.567
        0.750         4.645       57.038       56.504       55.969       55.435       54.900       54.366       53.831
        0.740         4.655       56.302       55.767       55.233       54.698       54.164       53.629       53.095
        0.730         4.665       55.566       55.031       54.497       53.962       53.428       52.893       52.358
        0.720         4.675       54.829       54.295       53.760       53.226       52.691       52.157       51.622
        0.710         4.685       54.093       53.559       53.024       52.489       51.955       51.420       50.886
        0.700         4.695       53.357       52.822       52.288       51.753       51.219       50.684       50.149
        0.690         4.705       52.620       52.086       51.551       51.017       50.482       49.948       49.411
        0.680         4.715       51.884       51.350       50.815       50.281       49.746       49.211       48.672
        0.670         4.725       51.148       50.613       50.079       49.544       49.010       48.475       47.933
        0.660         4.735       50.412       49.877       49.342       48.808       48.273       47.738       47.193
        0.650         4.745       49.675       49.141       48.606       48.072       47.537       47.000       46.452
        0.640         4.755       48.939       48.404       47.870       47.335       46.801       46.261       45.710
        0.630         4.765       48.203       47.668       47.134       46.599       46.064       45.521       44.967
        0.620         4.775       47.466       46.932       46.397       45.863       45.328       44.781       44.224
        0.610         4.785       46.730       46.195       45.661       45.126       44.590       44.039       43.479
        0.600         4.795       45.994       45.459       44.925       44.390       43.850       43.296       42.734
        0.590         4.805       45.257       44.723       44.188       43.654       43.109       42.552       41.988
        0.580         4.815       44.521       43.987       43.452       42.917       42.367       41.807       41.242
        0.570         4.825       43.785       43.250       42.716       42.179       41.624       41.061       40.494
        0.560         4.835       43.048       42.514       41.979       41.438       40.879       40.314       39.746
        0.550         4.845       42.312       41.778       41.243       40.696       40.133       39.566       38.997
        0.540         4.855       41.576       41.041       40.507       39.951       39.385       38.817       38.247
        0.530         4.865       40.840       40.305       39.767       39.205       38.636       38.066       37.497
        0.520         4.875       40.102       39.569       39.024       38.456       37.886       37.315       36.747
        0.510         4.885       39.360       38.832       38.276       37.706       37.135       36.563       35.997
        0.500         4.895       38.615       38.096       37.525       36.953       36.382       35.810       35.248
        0.490         4.905       37.865       37.331       36.769       36.199       35.627       35.057       34.499
        0.480         4.915       37.111       36.566       36.009       35.442       34.872       34.304       33.749
        0.470         4.925       36.353       35.801       35.246       34.683       34.115       33.551       32.998
        0.460         4.935       35.591       35.036       34.481       33.923       33.357       32.798       32.247
        0.450         4.945       34.826       34.271       33.716       33.160       32.597       32.045       31.494
        0.440         4.955       34.061       33.506       32.951       32.395       31.839       31.292       30.741
        0.430         4.965       33.296       32.741       32.186       31.630       31.080       30.538       29.987
        0.420         4.975       32.531       31.976       31.421       30.865       30.322       29.783       29.232
        0.410         4.985       31.766       31.211       30.656       30.101       29.564       29.027       28.476
        0.400         4.995       31.001       30.446       29.891       29.338       28.807       28.270       27.720
        0.390         5.005       30.236       29.681       29.126       28.578       28.050       27.512       26.962
        0.380         5.015       29.471       28.916       28.361       27.821       27.293       26.753       26.204
        0.370         5.025       28.707       28.151       27.596       27.066       26.536       25.994       25.445
        0.360         5.035       27.942       27.386       26.835       26.313       25.780       25.235       24.685
        0.350         5.045       27.178       26.621       26.078       25.560       25.023       24.476       23.925
        0.340         5.055       26.420       25.856       25.327       24.807       24.266       23.717       23.165
        0.330         5.065       25.666       25.091       24.581       24.054       23.509       22.957       22.404
        0.320         5.075       24.917       24.361       23.839       23.302       22.752       22.198       21.644
        0.310         5.085       24.174       23.631       23.099       22.549       21.994       21.439       20.883
        0.300         5.095       23.433       22.901       22.358       21.796       21.237       20.680       20.123
        0.290         5.105       22.693       22.171       21.614       21.043       20.480       19.921       19.362
        0.280         5.115       21.951       21.441       20.865       20.290       19.723       19.161       18.602
        0.270         5.125       21.204       20.675       20.111       19.536       18.966       18.402       17.841
        0.260         5.135       20.452       19.909       19.352       18.781       18.208       17.643       17.081
        0.250         5.145       19.696       19.144       18.588       18.023       17.451       16.883       16.320
        0.240         5.155       18.934       18.378       17.822       17.263       16.693       16.124       15.560
        0.230         5.165       18.168       17.612       17.056       16.500       15.934       15.365       14.799
        0.220         5.175       17.402       16.846       16.290       15.735       15.174       14.605       14.038
        0.210         5.185       16.637       16.081       15.525       14.969       14.411       13.845       13.279
        0.200         5.195       15.871       15.315       14.759       14.203       13.647       13.084       12.537
        0.190         5.205       15.105       14.549       13.993       13.437       12.881       12.322       11.815
        0.180         5.215       14.339       13.783       13.227       12.672       12.116       11.559       11.115
        0.170         5.225       13.573       13.018       12.462       11.906       11.350       10.794       10.436
        0.160         5.235       12.808       12.252       11.696       11.140       10.584       10.044        9.778
        0.150         5.245       12.042       11.486       10.930       10.374        9.818        9.321        9.141
        0.140         5.255       11.276       10.720       10.164        9.609        9.053        8.624        8.523
        0.130         5.265       10.510        9.955        9.399        8.843        8.287        7.955        7.927
        0.120         5.275        9.745        9.189        8.633        8.077        7.533        7.313        7.352
        0.110         5.285        8.979        8.423        7.867        7.311        6.814        6.698        6.799
        0.100         5.295        8.213        7.657        7.102        6.546        6.131        6.109        6.268
        0.090         5.305        7.447        6.892        6.336        5.780        5.485        5.547        5.757
        0.080         5.315        6.682        6.126        5.570        5.022        4.874        5.014        5.270
        0.070         5.325        5.916        5.360        4.804        4.312        4.299        4.507        4.804
        0.060         5.335        5.150        4.594        4.039        3.657        3.761        4.028        4.359
        0.050         5.345        4.385        3.829        3.273        3.055        3.258        3.574        3.936
        0.040         5.355        3.619        3.063        2.511        2.507        2.791        3.149        3.534
        0.030         5.365        2.853        2.297        1.828        2.014        2.361        2.750        3.154
        0.020         5.375        2.123        1.532        1.254        1.574        1.966        2.378        2.796
        0.010         5.385        1.500         .766         .787        1.189        1.609        2.033        2.459
        0.000         5.395         .984         .000         .429         .857        1.286        1.714        2.143
