0
4
        5.020         0.376      387.031      386.907      386.609      386.131      385.504      384.787      384.000
        5.010         0.386      386.703      386.549      386.236      385.768      385.138      384.406      383.605
        5.000         0.396      386.335      386.156      385.829      385.363      384.740      384.000      383.190
        4.990         0.406      385.932      385.730      385.389      384.920      384.310      383.567      382.754
        4.980         0.416      385.497      385.274      384.921      384.446      383.845      383.109      382.298
        4.970         0.426      385.033      384.790      384.424      383.943      383.347      382.624      381.821
        4.960         0.436      384.541      384.279      383.901      383.413      382.817      382.113      381.323
        4.950         0.446      384.023      383.743      383.353      382.858      382.260      381.575      380.805
        4.940         0.456      383.479      383.183      382.781      382.278      381.681      381.010      380.265
        4.930         0.466      382.911      382.600      382.187      381.676      381.079      380.423      379.704
        4.920         0.476      382.321      381.994      381.570      381.052      380.459      379.816      379.123
        4.910         0.486      381.708      381.367      380.932      380.407      379.820      379.192      378.520
        4.900         0.496      381.074      380.719      380.273      379.744      379.166      378.552      377.900
        4.890         0.506      380.419      380.051      379.595      379.065      378.498      377.899      377.264
        4.880         0.516      379.744      379.364      378.897      378.372      377.817      377.233      376.615
        4.870         0.526      379.049      378.657      378.183      377.667      377.125      376.555      375.954
        4.860         0.536      378.338      377.932      377.456      376.952      376.423      375.867      375.281
        4.850         0.546      377.610      377.189      376.720      376.227      375.711      375.168      374.598
        4.840         0.556      376.873      376.435      375.975      375.495      374.990      374.461      373.905
        4.830         0.566      376.128      375.680      375.225      374.755      374.263      373.746      373.203
        4.820         0.576      375.377      374.925      374.471      374.010      373.528      373.023      372.494
        4.810         0.586      374.623      374.170      373.716      373.260      372.788      372.294      371.777
        4.800         0.596      373.868      373.415      372.961      372.507      372.043      371.559      371.053
        4.790         0.606      373.113      372.659      372.206      371.752      371.294      370.819      370.324
        4.780         0.616      372.358      371.904      371.451      370.997      370.542      370.075      369.589
        4.770         0.626      371.603      371.149      370.696      370.242      369.788      369.327      368.850
        4.760         0.636      370.848      370.394      369.941      369.487      369.033      368.577      368.107
        4.750         0.646      370.093      369.639      369.185      368.732      368.278      367.824      367.360
        4.740         0.656      369.337      368.884      368.430      367.977      367.523      367.070      366.610
        4.730         0.666      368.582      368.129      367.675      367.222      366.768      366.315      365.859
        4.720         0.676      367.827      367.374      366.920      366.467      366.013      365.559      365.105
        4.710         0.686      367.072      366.619      366.165      365.711      365.258      364.805      364.351
        4.700         0.696      366.317      365.863      365.410      364.956      364.503      364.049      363.596
        4.690         0.706      365.562      365.108      364.655      364.201      363.748      363.294      362.841
        4.680         0.716      364.807      364.353      363.900      363.446      362.993      362.539      362.086
        4.670         0.726      364.052      363.598      363.145      362.691      362.238      361.784      361.331
        4.660         0.736      363.297      362.843      362.390      361.936      361.483      361.029      360.576
        4.650         0.746      362.541      362.088      361.635      361.181      360.728      360.274      359.821
        4.640         0.756      361.786      361.333      360.879      360.426      359.973      359.519      359.065
        4.630         0.766      361.031      360.578      360.124      359.671      359.217      358.764      358.309
        4.620         0.776      360.276      359.823      359.369      358.916      358.462      358.009      357.552
        4.610         0.786      359.521      359.068      358.614      358.161      357.707      357.254      356.794
        4.600         0.796      358.766      358.313      357.859      357.406      356.952      356.499      356.035
        4.590         0.806      358.011      357.558      357.104      356.651      356.197      355.742      355.275
        4.580         0.816      357.256      356.803      356.349      355.896      355.442      354.985      354.513
        4.570         0.826      356.501      356.047      355.594      355.141      354.687      354.226      353.751
        4.560         0.836      355.746      355.292      354.839      354.386      353.932      353.466      352.988
        4.550         0.846      354.991      354.537      354.084      353.631      353.176      352.705      352.224
        4.540         0.856      354.236      353.782      353.329      352.876      352.417      351.942      351.459
        4.530         0.866      353.481      353.027      352.574      352.121      351.658      351.179      350.693
        4.520         0.876      352.725      352.272      351.819      351.365      350.896      350.414      349.926
        4.510         0.886      351.970      351.517      351.064      350.608      350.133      349.648      349.158
        4.500         0.896      351.215      350.762      350.309      349.849      349.368      348.880      348.389
        4.490         0.906      350.460      350.007      349.554      349.087      348.602      348.112      347.620
        4.480         0.916      349.705      349.252      348.799      348.323      347.834      347.342      346.849
        4.470         0.926      348.950      348.497      348.041      347.556      347.065      346.571      346.077
        4.460         0.936      348.193      347.742      347.277      346.787      346.293      345.799      345.304
        4.450         0.946      347.431      346.987      346.510      346.015      345.520      345.025      344.530
        4.440         0.956      346.664      346.232      345.737      345.241      344.746      344.251      343.755
        4.430         0.966      345.892      345.442      344.959      344.465      343.970      343.475      342.979
        4.420         0.976      345.115      344.652      344.176      343.686      343.192      342.697      342.203
        4.410         0.986      344.334      343.863      343.389      342.904      342.413      341.919      341.425
        4.400         0.996      343.547      343.073      342.599      342.120      341.632      341.140      340.646
        4.390         1.006      342.757      342.283      341.809      341.334      340.849      340.359      339.866
        4.380         1.016      341.967      341.493      341.019      340.545      340.065      339.577      339.086
        4.370         1.026      341.178      340.704      340.229      339.755      339.279      338.793      338.304
        4.360         1.036      340.388      339.914      339.440      338.966      338.491      338.009      337.522
        4.350         1.046      339.598      339.124      338.650      338.176      337.702      337.223      336.738
        4.340         1.056      338.808      338.334      337.860      337.386      336.912      336.436      335.953
        4.330         1.066      338.019      337.545      337.070      336.596      336.122      335.648      335.168
        4.320         1.076      337.229      336.755      336.281      335.807      335.333      334.859      334.381
        4.310         1.086      336.439      335.965      335.491      335.017      334.543      334.069      333.594
        4.300         1.096      335.649      335.175      334.701      334.227      333.753      333.279      332.805
        4.290         1.106      334.859      334.385      333.912      333.438      332.964      332.490      332.016
        4.280         1.116      334.070      333.596      333.122      332.648      332.174      331.700      331.226
        4.270         1.126      333.280      332.806      332.332      331.858      331.384      330.910      330.436
        4.260         1.136      332.490      332.016      331.542      331.068      330.595      330.121      329.647
        4.250         1.146      331.701      331.227      330.753      330.279      329.805      329.331      328.857
        4.240         1.156      330.911      330.437      329.963      329.489      329.015      328.541      328.067
        4.230         1.166      330.121      329.647      329.173      328.699      328.225      327.752      327.278
        4.220         1.176      329.331      328.857      328.384      327.910      327.436      326.962      326.488
        4.210         1.186      328.542      328.068      327.594      327.120      326.646      326.172      325.698
        4.200         1.196      327.752      327.278      326.804      326.330      325.856      325.382      324.909
        4.190         1.206      326.962      326.488      326.014      325.541      325.067      324.593      324.119
        4.180         1.216      326.173      325.699      325.225      324.751      324.277      323.803      323.329
        4.170         1.226      325.383      324.909      324.435      323.961      323.487      323.013      322.540
        4.160         1.236      324.593      324.119      323.645      323.171      322.698      322.224      321.750
        4.150         1.246      323.803      323.330      322.856      322.382      321.908      321.434      320.960
        4.140         1.256      323.014      322.540      322.066      321.592      321.118      320.645      320.171
        4.130         1.266      322.224      321.750      321.276      320.802      320.329      319.855      319.381
        4.120         1.276      321.434      320.961      320.487      320.013      319.539      319.065      318.591
        4.110         1.286      320.645      320.171      319.697      319.223      318.749      318.276      317.802
        4.100         1.296      319.855      319.381      318.907      318.434      317.960      317.486      317.012
        4.090         1.306      319.065      318.592      318.118      317.644      317.170      316.696      316.223
        4.080         1.316      318.276      317.802      317.328      316.854      316.380      315.907      315.433
        4.070         1.326      317.486      317.012      316.538      316.065      315.591      315.117      314.643
        4.060         1.336      316.696      316.223      315.749      315.275      314.801      314.327      313.854
        4.050         1.346      315.907      315.433      314.959      314.485      314.012      313.538      313.064
        4.040         1.356      315.117      314.643      314.169      313.696      313.222      312.748      312.274
        4.030         1.366      314.327      313.854      313.380      312.906      312.432      311.959      311.485
        4.020         1.376      313.538      313.064      312.590      312.116      311.643      311.169      310.695
        4.010         1.386      312.748      312.274      311.801      311.327      310.853      310.379      309.906
        4.000         1.396      311.958      311.485      311.011      310.537      310.063      309.590      309.116
        3.990         1.406      311.169      310.695      310.221      309.748      309.274      308.800      308.326
        3.980         1.416      310.379      309.905      309.432      308.958      308.484      308.010      307.537
        3.970         1.426      309.590      309.116      308.642      308.168      307.695      307.221      306.747
        3.960         1.436      308.800      308.326      307.852      307.379      306.905      306.431      305.958
        3.950         1.446      308.010      307.536      307.063      306.589      306.115      305.642      305.168
        3.940         1.456      307.221      306.747      306.273      305.799      305.326      304.852      304.378
        3.930         1.466      306.431      305.957      305.484      305.010      304.536      304.063      303.589
        3.920         1.476      305.641      305.168      304.694      304.220      303.747      303.273      302.799
        3.910         1.486      304.852      304.378      303.904      303.431      302.957      302.483      302.010
        3.900         1.496      304.062      303.588      303.115      302.641      302.167      301.694      301.220
        3.890         1.506      303.272      302.799      302.325      301.852      301.378      300.904      300.431
        3.880         1.516      302.483      302.009      301.536      301.062      300.588      300.115      299.641
        3.870         1.526      301.693      301.220      300.746      300.272      299.799      299.325      298.851
        3.860         1.536      300.904      300.430      299.956      299.483      299.009      298.536      298.062
        3.850         1.546      300.114      299.640      299.167      298.693      298.220      297.746      297.272
        3.840         1.556      299.324      298.851      298.377      297.904      297.430      296.956      296.483
        3.830         1.566      298.535      298.061      297.588      297.114      296.640      296.167      295.693
        3.820         1.576      297.745      297.272      296.798      296.324      295.851      295.377      294.904
        3.810         1.586      296.956      296.482      296.008      295.535      295.061      294.588      294.114
        3.800         1.596      296.166      295.692      295.219      294.745      294.272      293.798      293.325
        3.790         1.606      295.376      294.903      294.429      293.956      293.482      293.009      292.535
        3.780         1.616      294.587      294.113      293.640      293.166      292.693      292.219      291.745
        3.770         1.626      293.797      293.324      292.850      292.377      291.903      291.429      290.956
        3.760         1.636      293.008      292.534      292.061      291.587      291.114      290.640      290.166
        3.750         1.646      292.218      291.745      291.271      290.797      290.324      289.850      289.377
        3.740         1.656      291.429      290.955      290.482      290.008      289.534      289.061      288.587
        3.730         1.666      290.639      290.165      289.692      289.218      288.745      288.271      287.798
        3.720         1.676      289.849      289.376      288.902      288.429      287.955      287.482      287.008
        3.710         1.686      289.060      288.586      288.113      287.639      287.166      286.692      286.219
        3.700         1.696      288.270      287.797      287.323      286.850      286.376      285.903      285.429
        3.690         1.706      287.481      287.007      286.534      286.060      285.587      285.113      284.640
        3.680         1.716      286.691      286.218      285.744      285.271      284.797      284.324      283.850
        3.670         1.726      285.902      285.428      284.955      284.481      284.008      283.534      283.061
        3.660         1.736      285.112      284.639      284.165      283.692      283.218      282.745      282.271
        3.650         1.746      284.323      283.849      283.376      282.902      282.429      281.955      281.483
        3.640         1.756      283.533      283.060      282.586      282.113      281.639      281.166      280.695
        3.630         1.766      282.743      282.270      281.797      281.323      280.850      280.376      279.908
        3.620         1.776      281.954      281.480      281.007      280.533      280.060      279.587      279.122
        3.610         1.786      281.164      280.691      280.217      279.744      279.270      278.798      278.337
        3.600         1.796      280.375      279.901      279.428      278.954      278.481      278.011      277.553
        3.590         1.806      279.585      279.112      278.638      278.165      277.691      277.225      276.769
        3.580         1.816      278.796      278.322      277.849      277.375      276.902      276.439      275.986
        3.570         1.826      278.006      277.533      277.059      276.586      276.114      275.655      275.204
        3.560         1.836      277.217      276.743      276.270      275.796      275.327      274.872      274.423
        3.550         1.846      276.427      275.954      275.480      275.007      274.541      274.090      273.643
        3.540         1.856      275.638      275.164      274.691      274.217      273.757      273.308      272.864
        3.530         1.866      274.848      274.375      273.901      273.429      272.975      272.528      272.085
        3.520         1.876      274.058      273.585      273.112      272.644      272.193      271.749      271.307
        3.510         1.886      273.269      272.795      272.322      271.860      271.413      270.971      270.530
        3.500         1.896      272.479      272.006      271.533      271.078      270.635      270.194      269.754
        3.490         1.906      271.690      271.216      270.746      270.298      269.857      269.418      268.979
        3.480         1.916      270.902      270.427      269.963      269.521      269.082      268.643      268.204
        3.470         1.926      270.119      269.637      269.184      268.745      268.307      267.869      267.431
        3.460         1.936      269.339      268.848      268.410      267.972      267.534      267.096      266.658
        3.450         1.946      268.564      268.088      267.640      267.201      266.762      266.324      265.886
        3.440         1.956      267.793      267.327      266.873      266.431      265.992      265.553      265.115
        3.430         1.966      267.026      266.567      266.111      265.664      265.223      264.783      264.344
        3.420         1.976      266.263      265.807      265.351      264.899      264.455      264.015      263.575
        3.410         1.986      265.502      265.046      264.591      264.136      263.689      263.247      262.806
        3.400         1.996      264.742      264.286      263.830      263.375      262.924      262.480      262.038
        3.390         2.006      263.982      263.526      263.070      262.614      262.161      261.714      261.271
        3.380         2.016      263.221      262.766      262.310      261.854      261.399      260.950      260.505
        3.370         2.026      262.461      262.005      261.550      261.094      260.638      260.186      259.740
        3.360         2.036      261.701      261.245      260.789      260.333      259.878      259.423      258.975
        3.350         2.046      260.941      260.485      260.029      259.573      259.117      258.662      258.211
        3.340         2.056      260.180      259.725      259.269      258.813      258.357      257.901      257.448
        3.330         2.066      259.420      258.964      258.508      258.053      257.597      257.141      256.686
        3.320         2.076      258.660      258.204      257.748      257.292      256.837      256.381      255.925
        3.310         2.086      257.900      257.444      256.988      256.532      256.076      255.620      255.165
        3.300         2.096      257.139      256.683      256.228      255.772      255.316      254.860      254.404
        3.290         2.106      256.379      255.923      255.467      255.012      254.556      254.100      253.644
        3.280         2.116      255.619      255.163      254.707      254.251      253.795      253.340      252.884
        3.270         2.126      254.858      254.403      253.947      253.491      253.035      252.579      252.123
        3.260         2.136      254.098      253.642      253.187      252.731      252.275      251.819      251.363
        3.250         2.146      253.338      252.882      252.426      251.970      251.515      251.059      250.603
        3.240         2.156      252.578      252.122      251.666      251.210      250.754      250.298      249.843
        3.230         2.166      251.817      251.361      250.906      250.450      249.994      249.538      249.082
        3.220         2.176      251.057      250.601      250.145      249.690      249.234      248.778      248.322
        3.210         2.186      250.297      249.841      249.385      248.929      248.473      248.018      247.562
        3.200         2.196      249.536      249.081      248.625      248.169      247.713      247.257      246.802
        3.190         2.206      248.776      248.320      247.865      247.409      246.953      246.497      246.041
        3.180         2.216      248.016      247.560      247.104      246.648      246.193      245.737      245.281
        3.170         2.226      247.255      246.800      246.344      245.888      245.432      244.976      244.521
        3.160         2.236      246.495      246.039      245.584      245.128      244.672      244.216      243.760
        3.150         2.246      245.735      245.279      244.823      244.367      243.912      243.456      242.999
        3.140         2.256      244.975      244.519      244.063      243.607      243.151      242.696      242.237
        3.130         2.266      244.214      243.758      243.303      242.847      242.391      241.935      241.474
        3.120         2.276      243.454      242.998      242.542      242.087      241.631      241.175      240.710
        3.110         2.286      242.694      242.238      241.782      241.326      240.870      240.413      239.946
        3.100         2.296      241.933      241.477      241.022      240.566      240.110      239.651      239.181
        3.090         2.306      241.173      240.717      240.261      239.806      239.350      238.888      238.414
        3.080         2.316      240.413      239.957      239.501      239.045      238.589      238.123      237.648
        3.070         2.326      239.652      239.197      238.741      238.285      237.828      237.358      236.880
        3.060         2.336      238.892      238.436      237.980      237.525      237.065      236.591      236.111
        3.050         2.346      238.132      237.676      237.220      236.764      236.301      235.824      235.342
        3.040         2.356      237.371      236.916      236.460      236.004      235.535      235.056      234.572
        3.030         2.366      236.611      236.155      235.699      235.242      234.768      234.286      233.801
        3.020         2.376      235.851      235.395      234.939      234.478      234.000      233.516      233.030
        3.010         2.386      235.090      234.635      234.179      233.712      233.231      232.745      232.257
        3.000         2.396      234.330      233.874      233.418      232.944      232.460      231.972      231.484
        2.990         2.406      233.570      233.114      232.655      232.174      231.687      231.199      230.710
        2.980         2.416      232.807      232.353      231.889      231.403      230.914      230.425      229.935
        2.970         2.426      232.041      231.593      231.118      230.629      230.139      229.649      229.159
        2.960         2.436      231.271      230.833      230.343      229.853      229.363      228.873      228.383
        2.950         2.446      230.497      230.044      229.564      229.075      228.585      228.095      227.605
        2.940         2.456      229.719      229.256      228.781      228.295      227.806      227.317      226.827
        2.930         2.466      228.937      228.467      227.994      227.513      227.026      226.538      226.049
        2.920         2.476      228.151      227.678      227.206      226.729      226.245      225.757      225.269
        2.910         2.486      227.362      226.890      226.417      225.944      225.462      224.976      224.488
        2.900         2.496      226.574      226.101      225.628      225.156      224.678      224.194      223.707
        2.890         2.506      225.785      225.313      224.840      224.367      223.892      223.410      222.925
        2.880         2.516      224.997      224.524      224.051      223.578      223.105      222.626      222.142
        2.870         2.526      224.208      223.735      223.263      222.790      222.317      221.840      221.358
        2.860         2.536      223.419      222.947      222.474      222.001      221.528      221.054      220.574
        2.850         2.546      222.631      222.158      221.685      221.213      220.740      220.267      219.789
        2.840         2.556      221.842      221.369      220.897      220.424      219.951      219.478      219.003
        2.830         2.566      221.053      220.581      220.108      219.635      219.163      218.690      218.216
        2.820         2.576      220.265      219.792      219.319      218.847      218.374      217.901      217.428
        2.810         2.586      219.476      219.003      218.531      218.058      217.585      217.112      216.640
        2.800         2.596      218.687      218.215      217.742      217.269      216.797      216.324      215.851
        2.790         2.606      217.899      217.426      216.953      216.481      216.008      215.535      215.062
        2.780         2.616      217.110      216.637      216.165      215.692      215.219      214.746      214.274
        2.770         2.626      216.321      215.849      215.376      214.903      214.431      213.958      213.485
        2.760         2.636      215.533      215.060      214.587      214.115      213.642      213.169      212.696
        2.750         2.646      214.744      214.271      213.799      213.326      212.853      212.380      211.908
        2.740         2.656      213.955      213.483      213.010      212.537      212.065      211.592      211.119
        2.730         2.666      213.167      212.694      212.221      211.749      211.276      210.803      210.330
        2.720         2.676      212.378      211.905      211.433      210.960      210.487      210.014      209.542
        2.710         2.686      211.589      211.117      210.644      210.171      209.698      209.226      208.753
        2.700         2.696      210.801      210.328      209.855      209.383      208.910      208.437      207.964
        2.690         2.706      210.012      209.539      209.067      208.594      208.121      207.648      207.175
        2.680         2.716      209.223      208.751      208.278      207.805      207.332      206.860      206.387
        2.670         2.726      208.435      207.962      207.489      207.016      206.544      206.071      205.598
        2.660         2.736      207.646      207.173      206.700      206.228      205.755      205.282      204.809
        2.650         2.746      206.857      206.384      205.912      205.439      204.966      204.493      204.020
        2.640         2.756      206.068      205.596      205.123      204.650      204.177      203.705      203.232
        2.630         2.766      205.280      204.807      204.334      203.861      203.389      202.916      202.443
        2.620         2.776      204.491      204.018      203.546      203.073      202.600      202.127      201.654
        2.610         2.786      203.702      203.229      202.757      202.284      201.811      201.338      200.865
        2.600         2.796      202.913      202.441      201.968      201.495      201.022      200.550      200.077
        2.590         2.806      202.125      201.652      201.179      200.706      200.234      199.761      199.288
        2.580         2.816      201.336      200.863      200.390      199.918      199.445      198.972      198.499
        2.570         2.826      200.547      200.074      199.602      199.129      198.656      198.183      197.710
        2.560         2.836      199.758      199.286      198.813      198.340      197.867      197.394      196.922
        2.550         2.846      198.970      198.497      198.024      197.551      197.078      196.606      196.133
        2.540         2.856      198.181      197.708      197.235      196.763      196.290      195.817      195.344
        2.530         2.866      197.392      196.919      196.447      195.974      195.501      195.028      194.555
        2.520         2.876      196.603      196.130      195.658      195.185      194.712      194.239      193.766
        2.510         2.886      195.814      195.342      194.869      194.396      193.923      193.450      192.977
        2.500         2.896      195.026      194.553      194.080      193.607      193.134      192.662      192.189
        2.490         2.906      194.237      193.764      193.291      192.818      192.346      191.873      191.400
        2.480         2.916      193.448      192.975      192.502      192.030      191.557      191.084      190.611
        2.470         2.926      192.659      192.186      191.714      191.241      190.768      190.295      189.822
        2.460         2.936      191.870      191.398      190.925      190.452      189.979      189.506      189.033
        2.450         2.946      191.081      190.609      190.136      189.663      189.190      188.717      188.244
        2.440         2.956      190.293      189.820      189.347      188.874      188.401      187.928      187.455
        2.430         2.966      189.504      189.031      188.558      188.085      187.612      187.140      186.667
        2.420         2.976      188.715      188.242      187.769      187.296      186.824      186.351      185.878
        2.410         2.986      187.926      187.453      186.980      186.508      186.035      185.562      185.089
        2.400         2.996      187.137      186.664      186.192      185.719      185.246      184.773      184.300
        2.390         3.006      186.348      185.875      185.403      184.930      184.457      183.984      183.511
        2.380         3.016      185.559      185.087      184.614      184.141      183.668      183.195      182.722
        2.370         3.026      184.770      184.298      183.825      183.352      182.879      182.406      181.933
        2.360         3.036      183.982      183.509      183.036      182.563      182.090      181.617      181.144
        2.350         3.046      183.193      182.720      182.247      181.774      181.301      180.828      180.355
        2.340         3.056      182.404      181.931      181.458      180.985      180.512      180.039      179.566
        2.330         3.066      181.615      181.142      180.669      180.196      179.723      179.250      178.777
        2.320         3.076      180.826      180.353      179.880      179.407      178.934      178.461      177.988
        2.310         3.086      180.037      179.564      179.091      178.618      178.145      177.672      177.199
        2.300         3.096      179.248      178.775      178.302      177.829      177.356      176.883      176.410
        2.290         3.106      178.459      177.986      177.513      177.040      176.567      176.094      175.621
        2.280         3.116      177.670      177.197      176.724      176.251      175.778      175.305      174.832
        2.270         3.126      176.881      176.408      175.935      175.462      174.989      174.516      174.043
        2.260         3.136      176.092      175.619      175.146      174.673      174.200      173.727      173.254
        2.250         3.146      175.303      174.830      174.357      173.884      173.411      172.938      172.465
        2.240         3.156      174.514      174.041      173.568      173.095      172.622      172.149      171.676
        2.230         3.166      173.725      173.252      172.779      172.306      171.833      171.360      170.887
        2.220         3.176      172.936      172.463      171.990      171.517      171.044      170.571      170.098
        2.210         3.186      172.147      171.674      171.201      170.728      170.255      169.782      169.309
        2.200         3.196      171.358      170.885      170.412      169.939      169.466      168.993      168.520
        2.190         3.206      170.569      170.096      169.623      169.150      168.677      168.204      167.731
        2.180         3.216      169.780      169.307      168.834      168.361      167.888      167.415      166.942
        2.170         3.226      168.991      168.518      168.045      167.572      167.099      166.626      166.154
        2.160         3.236      168.202      167.729      167.256      166.783      166.310      165.837      165.367
        2.150         3.246      167.413      166.940      166.467      165.994      165.521      165.048      164.580
        2.140         3.256      166.624      166.151      165.678      165.205      164.732      164.259      163.794
        2.130         3.266      165.835      165.362      164.889      164.416      163.943      163.471      163.009
        2.120         3.276      165.045      164.573      164.100      163.627      163.153      162.684      162.225
        2.110         3.286      164.256      163.783      163.310      162.837      162.364      161.898      161.442
        2.100         3.296      163.467      162.994      162.521      162.048      161.575      161.112      160.659
        2.090         3.306      162.678      162.205      161.732      161.259      160.787      160.328      159.877
        2.080         3.316      161.889      161.416      160.943      160.470      160.001      159.545      159.096
        2.070         3.326      161.100      160.627      160.154      159.681      159.215      158.763      158.316
        2.060         3.336      160.311      159.838      159.365      158.892      158.432      157.982      157.536
        2.050         3.346      159.521      159.049      158.575      158.104      157.649      157.202      156.758
        2.040         3.356      158.732      158.259      157.786      157.318      156.868      156.423      155.980
        2.030         3.366      157.943      157.470      156.997      156.535      156.087      155.644      155.203
        2.020         3.376      157.154      156.681      156.208      155.753      155.309      154.867      154.426
        2.010         3.386      156.365      155.892      155.421      154.973      154.531      154.091      153.651
        2.000         3.396      155.577      155.103      154.639      154.196      153.755      153.316      152.876
        1.990         3.406      154.794      154.313      153.860      153.420      152.981      152.541      152.102
        1.980         3.416      154.014      153.524      153.085      152.646      152.207      151.768      151.329
        1.970         3.426      153.239      152.763      152.314      151.874      151.435      150.996      150.556
        1.960         3.436      152.467      152.002      151.548      151.105      150.664      150.224      149.785
        1.950         3.446      151.700      151.241      150.785      150.337      149.895      149.454      149.014
        1.940         3.456      150.936      150.480      150.024      149.571      149.127      148.685      148.244
        1.930         3.466      150.175      149.719      149.263      148.807      148.360      147.916      147.475
        1.920         3.476      149.414      148.958      148.501      148.045      147.594      147.149      146.706
        1.910         3.486      148.653      148.197      147.740      147.284      146.830      146.383      145.939
        1.900         3.496      147.892      147.435      146.979      146.523      146.067      145.617      145.172
        1.890         3.506      147.130      146.674      146.218      145.762      145.305      144.853      144.405
        1.880         3.516      146.369      145.913      145.457      145.001      144.544      144.089      143.640
        1.870         3.526      145.608      145.152      144.696      144.239      143.783      143.327      142.875
        1.860         3.536      144.847      144.391      143.935      143.478      143.022      142.565      142.112
        1.850         3.546      144.086      143.630      143.173      142.717      142.261      141.804      141.349
        1.840         3.556      143.325      142.869      142.412      141.956      141.499      141.043      140.586
        1.830         3.566      142.564      142.107      141.651      141.195      140.738      140.282      139.825
        1.820         3.576      141.802      141.346      140.890      140.433      139.977      139.520      139.064
        1.810         3.586      141.041      140.585      140.129      139.672      139.216      138.759      138.302
        1.800         3.596      140.280      139.824      139.367      138.911      138.454      137.998      137.541
        1.790         3.606      139.519      139.062      138.606      138.150      137.693      137.236      136.780
        1.780         3.616      138.757      138.301      137.845      137.388      136.932      136.475      136.018
        1.770         3.626      137.996      137.540      137.084      136.627      136.170      135.714      135.257
        1.760         3.636      137.235      136.779      136.322      135.866      135.409      134.952      134.496
        1.750         3.646      136.474      136.017      135.561      135.104      134.648      134.191      133.734
        1.740         3.656      135.712      135.256      134.800      134.343      133.886      133.430      132.973
        1.730         3.666      134.951      134.495      134.038      133.582      133.125      132.668      132.211
        1.720         3.676      134.190      133.733      133.277      132.820      132.364      131.907      131.450
        1.710         3.686      133.428      132.972      132.516      132.059      131.602      131.145      130.689
        1.700         3.696      132.667      132.211      131.754      131.297      130.841      130.384      129.927
        1.690         3.706      131.906      131.449      130.993      130.536      130.079      129.622      129.166
        1.680         3.716      131.144      130.688      130.231      129.775      129.318      128.861      128.404
        1.670         3.726      130.383      129.926      129.470      129.013      128.556      128.099      127.641
        1.660         3.736      129.621      129.165      128.708      128.252      127.795      127.338      126.878
        1.650         3.746      128.860      128.403      127.947      127.490      127.033      126.576      126.114
        1.640         3.756      128.098      127.642      127.185      126.729      126.272      125.815      125.349
        1.630         3.766      127.337      126.880      126.424      125.967      125.510      125.052      124.583
        1.620         3.776      126.575      126.119      125.662      125.206      124.749      124.288      123.817
        1.610         3.786      125.814      125.357      124.901      124.444      123.987      123.524      123.049
        1.600         3.796      125.052      124.596      124.139      123.682      123.225      122.758      122.281
        1.590         3.806      124.291      123.834      123.378      122.921      122.462      121.991      121.512
        1.580         3.816      123.529      123.073      122.616      122.159      121.698      121.224      120.743
        1.570         3.826      122.768      122.311      121.854      121.397      120.933      120.455      119.972
        1.560         3.836      122.006      121.549      121.093      120.636      120.166      119.685      119.201
        1.550         3.846      121.244      120.788      120.331      119.872      119.398      118.915      118.428
        1.540         3.856      120.483      120.026      119.569      119.107      118.628      118.143      117.655
        1.530         3.866      119.721      119.264      118.808      118.340      117.857      117.370      116.882
        1.520         3.876      118.960      118.503      118.046      117.571      117.085      116.597      116.107
        1.510         3.886      118.198      117.741      117.282      116.800      116.312      115.822      115.331
        1.500         3.896      117.434      116.979      116.513      116.026      115.537      115.046      114.555
        1.490         3.906      116.667      116.218      115.741      115.251      114.760      114.269      113.778
        1.480         3.916      115.896      115.456      114.965      114.474      113.983      113.492      113.000
        1.470         3.926      115.120      114.666      114.185      113.695      113.204      112.713      112.222
        1.460         3.936      114.341      113.876      113.401      112.914      112.424      111.933      111.442
        1.450         3.946      113.557      113.086      112.613      112.130      111.642      111.152      110.662
        1.440         3.956      112.770      112.297      111.823      111.345      110.859      110.370      109.881
        1.430         3.966      111.980      111.507      111.033      110.558      110.075      109.588      109.099
        1.420         3.976      111.191      110.717      110.243      109.769      109.289      108.804      108.316
        1.410         3.986      110.401      109.927      109.453      108.979      108.502      108.019      107.532
        1.400         3.996      109.611      109.137      108.663      108.189      107.714      107.233      106.748
        1.390         4.006      108.821      108.347      107.873      107.399      106.925      106.446      105.963
        1.380         4.016      108.031      107.557      107.083      106.609      106.134      105.659      105.177
        1.370         4.026      107.241      106.767      106.293      105.819      105.344      104.870      104.390
        1.360         4.036      106.451      105.977      105.503      105.029      104.554      104.080      103.602
        1.350         4.046      105.661      105.187      104.713      104.238      103.764      103.290      102.814
        1.340         4.056      104.871      104.397      103.923      103.448      102.974      102.499      102.025
        1.330         4.066      104.081      103.607      103.132      102.658      102.184      101.709      101.235
        1.320         4.076      103.290      102.816      102.342      101.868      101.394      100.919      100.444
        1.310         4.086      102.500      102.026      101.552      101.078      100.603      100.129       99.654
        1.300         4.096      101.710      101.236      100.762      100.288       99.813       99.338       98.864
        1.290         4.106      100.920      100.446       99.972       99.497       99.023       98.548       98.073
        1.280         4.116      100.130       99.656       99.181       98.707       98.232       97.758       97.283
        1.270         4.126       99.340       98.865       98.391       97.917       97.442       96.967       96.493
        1.260         4.136       98.549       98.075       97.601       97.126       96.652       96.177       95.702
        1.250         4.146       97.759       97.285       96.810       96.336       95.861       95.387       94.912
        1.240         4.156       96.969       96.494       96.020       95.546       95.071       94.596       94.122
        1.230         4.166       96.178       95.704       95.230       94.755       94.281       93.806       93.331
        1.220         4.176       95.388       94.914       94.439       93.965       93.490       93.015       92.541
        1.210         4.186       94.598       94.123       93.649       93.174       92.700       92.225       91.750
        1.200         4.196       93.807       93.333       92.859       92.384       91.909       91.435       90.960
        1.190         4.206       93.017       92.543       92.068       91.594       91.119       90.644       90.169
        1.180         4.216       92.226       91.752       91.278       90.803       90.328       89.854       89.379
        1.170         4.226       91.436       90.962       90.487       90.013       89.538       89.063       88.588
        1.160         4.236       90.646       90.171       89.697       89.222       88.747       88.272       87.798
        1.150         4.246       89.855       89.381       88.906       88.431       87.957       87.482       87.007
        1.140         4.256       89.064       88.590       88.116       87.641       87.166       86.691       86.216
        1.130         4.266       88.274       87.799       87.325       86.850       86.376       85.901       85.426
        1.120         4.276       87.483       87.009       86.534       86.060       85.585       85.110       84.635
        1.110         4.286       86.693       86.218       85.744       85.269       84.794       84.319       83.844
        1.100         4.296       85.902       85.428       84.953       84.478       84.004       83.529       83.054
        1.090         4.306       85.112       84.637       84.162       83.688       83.213       82.738       82.263
        1.080         4.316       84.321       83.846       83.372       82.897       82.422       81.947       81.473
        1.070         4.326       83.530       83.056       82.581       82.106       81.632       81.157       80.682
        1.060         4.336       82.740       82.265       81.790       81.316       80.841       80.366       79.891
        1.050         4.346       81.949       81.474       81.000       80.525       80.050       79.575       79.100
        1.040         4.356       81.158       80.684       80.209       79.734       79.259       78.785       78.310
        1.030         4.366       80.368       79.893       79.418       78.944       78.469       77.994       77.519
        1.020         4.376       79.577       79.102       78.628       78.153       77.678       77.203       76.728
        1.010         4.386       78.786       78.311       77.837       77.362       76.887       76.412       75.937
        1.000         4.396       77.995       77.521       77.046       76.571       76.096       75.622       75.147
        0.990         4.406       77.205       76.730       76.255       75.780       75.306       74.831       74.356
        0.980         4.416       76.414       75.939       75.464       74.990       74.515       74.040       73.565
        0.970         4.426       75.623       75.148       74.674       74.199       73.724       73.249       72.774
        0.960         4.436       74.832       74.357       73.883       73.408       72.933       72.458       71.983
        0.950         4.446       74.041       73.567       73.092       72.617       72.142       71.667       71.193
        0.940         4.456       73.250       72.776       72.301       71.826       71.351       70.877       70.402
        0.930         4.466       72.460       71.985       71.510       71.035       70.561       70.086       69.611
        0.920         4.476       71.669       71.194       70.719       70.245       69.770       69.295       68.820
        0.910         4.486       70.878       70.403       69.928       69.454       68.979       68.504       68.029
        0.900         4.496       70.087       69.612       69.137       68.663       68.188       67.713       67.238
        0.890         4.506       69.296       68.821       68.347       67.872       67.397       66.922       66.447
        0.880         4.516       68.505       68.030       67.556       67.081       66.606       66.131       65.657
        0.870         4.526       67.714       67.239       66.765       66.290       65.815       65.340       64.866
        0.860         4.536       66.923       66.448       65.974       65.499       65.024       64.550       64.075
        0.850         4.546       66.132       65.657       65.183       64.708       64.233       63.759       63.284
        0.840         4.556       65.341       64.867       64.392       63.917       63.442       62.968       62.493
        0.830         4.566       64.550       64.076       63.601       63.126       62.651       62.177       61.702
        0.820         4.576       63.759       63.285       62.810       62.335       61.861       61.386       60.911
        0.810         4.586       62.968       62.494       62.019       61.544       61.070       60.595       60.120
        0.800         4.596       62.177       61.703       61.228       60.753       60.279       59.804       59.329
        0.790         4.606       61.386       60.912       60.437       59.962       59.488       59.013       58.538
        0.780         4.616       60.595       60.121       59.646       59.171       58.697       58.222       57.747
        0.770         4.626       59.804       59.330       58.855       58.380       57.906       57.431       56.956
        0.760         4.636       59.013       58.538       58.064       57.589       57.115       56.640       56.165
        0.750         4.646       58.222       57.747       57.273       56.798       56.324       55.849       55.374
        0.740         4.656       57.431       56.956       56.482       56.007       55.533       55.058       54.584
        0.730         4.666       56.640       56.165       55.691       55.216       54.742       54.267       53.793
        0.720         4.676       55.849       55.374       54.900       54.425       53.951       53.476       53.002
        0.710         4.686       55.058       54.583       54.109       53.634       53.160       52.685       52.211
        0.700         4.696       54.267       53.792       53.318       52.843       52.369       51.894       51.420
        0.690         4.706       53.476       53.001       52.527       52.052       51.578       51.103       50.630
        0.680         4.716       52.684       52.210       51.736       51.261       50.787       50.312       49.841
        0.670         4.726       51.893       51.419       50.944       50.470       49.996       49.521       49.052
        0.660         4.736       51.102       50.628       50.153       49.679       49.205       48.730       48.265
        0.650         4.746       50.311       49.837       49.362       48.888       48.413       47.940       47.478
        0.640         4.756       49.520       49.046       48.571       48.097       47.622       47.151       46.692
        0.630         4.766       48.729       48.255       47.780       47.306       46.831       46.363       45.906
        0.620         4.776       47.938       47.463       46.989       46.515       46.040       45.576       45.122
        0.610         4.786       47.147       46.672       46.198       45.724       45.251       44.790       44.338
        0.600         4.796       46.356       45.881       45.407       44.933       44.462       44.005       43.555
        0.590         4.806       45.564       45.090       44.616       44.141       43.675       43.221       42.773
        0.580         4.816       44.773       44.299       43.825       43.350       42.889       42.438       41.992
        0.570         4.826       43.982       43.508       43.034       42.561       42.105       41.656       41.211
        0.560         4.836       43.191       42.717       42.242       41.773       41.321       40.875       40.432
        0.550         4.846       42.400       41.926       41.451       40.988       40.540       40.095       39.653
        0.540         4.856       41.609       41.134       40.660       40.204       39.759       39.316       38.875
        0.530         4.866       40.818       40.343       39.872       39.423       38.980       38.538       38.098
        0.520         4.876       40.028       39.552       39.087       38.643       38.202       37.761       37.322
        0.510         4.886       39.243       38.761       38.307       37.866       37.425       36.985       36.549
        0.500         4.896       38.461       37.970       37.530       37.090       36.650       36.210       35.777
        0.490         4.906       37.684       37.207       36.757       36.316       35.876       35.436       35.007
        0.480         4.916       36.910       36.444       35.989       35.545       35.104       34.665       34.239
        0.470         4.926       36.141       35.681       35.224       34.775       34.332       33.895       33.471
        0.460         4.936       35.375       34.918       34.461       34.007       33.562       33.128       32.705
        0.450         4.946       34.612       34.155       33.698       33.242       32.794       32.363       31.939
        0.440         4.956       33.849       33.392       32.935       32.478       32.028       31.600       31.174
        0.430         4.966       33.086       32.629       32.172       31.715       31.265       30.838       30.409
        0.420         4.976       32.323       31.866       31.409       30.952       30.506       30.077       29.646
        0.410         4.986       31.561       31.103       30.646       30.190       29.749       29.318       28.883
        0.400         4.996       30.798       30.341       29.883       29.429       28.994       28.559       28.121
        0.390         5.006       30.035       29.578       29.121       28.670       28.240       27.801       27.360
        0.380         5.016       29.272       28.815       28.358       27.914       27.485       27.044       26.599
        0.370         5.026       28.509       28.052       27.595       27.161       26.731       26.287       25.840
        0.360         5.036       27.746       27.289       26.835       26.410       25.976       25.531       25.081
        0.350         5.046       26.985       26.526       26.080       25.660       25.222       24.774       24.323
        0.340         5.056       26.229       25.763       25.331       24.909       24.467       24.018       23.565
        0.330         5.066       25.479       25.000       24.586       24.159       23.713       23.261       22.808
        0.320         5.076       24.733       24.273       23.847       23.409       22.958       22.505       22.050
        0.310         5.086       23.992       23.545       23.109       22.658       22.204       21.748       21.292
        0.300         5.096       23.255       22.818       22.371       21.908       21.449       20.992       20.534
        0.290         5.106       22.517       22.091       21.631       21.158       20.695       20.235       19.776
        0.280         5.116       21.777       21.364       20.885       20.407       19.940       19.478       19.019
        0.270         5.126       21.033       20.601       20.134       19.657       19.186       18.722       18.261
        0.260         5.136       20.283       19.838       19.379       18.905       18.431       17.965       17.503
        0.250         5.146       19.528       19.075       18.618       18.151       17.677       17.209       16.745
        0.240         5.156       18.768       18.312       17.855       17.394       16.922       16.452       15.987
        0.230         5.166       18.005       17.549       17.092       16.635       16.167       15.696       15.230
        0.220         5.176       17.242       16.786       16.329       15.873       15.409       14.939       14.472
        0.210         5.186       16.479       16.023       15.566       15.110       14.650       14.182       13.714
        0.200         5.196       15.716       15.260       14.803       14.347       13.890       13.425       12.962
        0.190         5.206       14.953       14.497       14.040       13.584       13.127       12.666       12.230
        0.180         5.216       14.190       13.734       13.277       12.821       12.364       11.906       11.520
        0.170         5.226       13.427       12.971       12.514       12.058       11.601       11.145       10.831
        0.160         5.236       12.664       12.208       11.751       11.295       10.839       10.387       10.162
        0.150         5.246       11.901       11.445       10.988       10.532       10.076        9.653        9.513
        0.140         5.256       11.138       10.682       10.225        9.769        9.313        8.945        8.884
        0.130         5.266       10.375        9.919        9.463        9.006        8.550        8.264        8.277
        0.120         5.276        9.612        9.156        8.700        8.243        7.790        7.612        7.692
        0.110         5.286        8.849        8.393        7.937        7.480        7.061        6.986        7.127
        0.100         5.296        8.086        7.630        7.174        6.717        6.367        6.386        6.584
        0.090         5.306        7.323        6.867        6.411        5.954        5.709        5.813        6.062
        0.080         5.316        6.560        6.104        5.648        5.194        5.087        5.267        5.562
        0.070         5.326        5.797        5.341        4.885        4.473        4.501        4.748        5.083
        0.060         5.336        5.034        4.578        4.122        3.806        3.951        4.256        4.626
        0.050         5.346        4.271        3.815        3.359        3.193        3.435        3.790        4.189
        0.040         5.356        3.508        3.052        2.597        2.634        2.957        3.351        3.776
        0.030         5.366        2.745        2.289        1.903        2.128        2.514        2.941        3.384
        0.020         5.376        2.030        1.526        1.317        1.676        2.107        2.556        3.013
        0.010         5.386        1.423         .763         .838        1.278        1.736        2.199        2.663
        0.000         5.396         .923         .000         .467         .934        1.401        1.868        2.335
