0
5
        5.020         0.371      371.051      371.027      370.830      370.434      369.909      369.310      368.650
        5.010         0.381      370.729      370.684      370.485      370.115      369.584      368.971      368.296
        5.000         0.391      370.366      370.305      370.102      369.752      369.230      368.608      367.922
        4.990         0.401      369.968      369.893      369.685      369.345      368.844      368.219      367.527
        4.980         0.411      369.538      369.450      369.237      368.902      368.425      367.805      367.112
        4.970         0.421      369.078      368.978      368.760      368.428      367.970      367.364      366.677
        4.960         0.431      368.589      368.478      368.256      367.925      367.479      366.896      366.221
        4.950         0.441      368.074      367.953      367.726      367.395      366.957      366.400      365.743
        4.940         0.451      367.534      367.403      367.171      366.840      366.407      365.877      365.245
        4.930         0.461      366.969      366.830      366.593      366.261      365.834      365.326      364.725
        4.920         0.471      366.381      366.234      365.992      365.658      365.238      364.751      364.183
        4.910         0.481      365.771      365.616      365.369      365.034      364.623      364.155      363.620
        4.900         0.491      365.140      364.977      364.725      364.389      363.990      363.540      363.034
        4.890         0.501      364.488      364.317      364.061      363.726      363.341      362.910      362.428
        4.880         0.511      363.815      363.638      363.377      363.048      362.677      362.265      361.805
        4.870         0.521      363.124      362.939      362.674      362.355      362.000      361.605      361.167
        4.860         0.531      362.415      362.222      361.956      361.650      361.311      360.934      360.516
        4.850         0.541      361.690      361.486      361.226      360.935      360.611      360.251      359.852
        4.840         0.551      360.952      360.735      360.487      360.210      359.901      359.558      359.177
        4.830         0.561      360.206      359.979      359.740      359.476      359.182      358.855      358.491
        4.820         0.571      359.454      359.222      358.987      358.736      358.456      358.143      357.796
        4.810         0.581      358.700      358.465      358.231      357.989      357.722      357.424      357.092
        4.800         0.591      357.943      357.709      357.474      357.238      356.982      356.697      356.381
        4.790         0.601      357.187      356.952      356.718      356.483      356.236      355.964      355.661
        4.780         0.611      356.430      356.196      355.961      355.727      355.487      355.225      354.936
        4.770         0.621      355.674      355.439      355.205      354.970      354.734      354.482      354.204
        4.760         0.631      354.917      354.683      354.448      354.214      353.979      353.734      353.467
        4.750         0.641      354.161      353.926      353.691      353.457      353.222      352.983      352.725
        4.740         0.651      353.404      353.169      352.935      352.700      352.466      352.229      351.980
        4.730         0.661      352.647      352.413      352.178      351.944      351.709      351.474      351.231
        4.720         0.671      351.891      351.656      351.422      351.187      350.952      350.718      350.479
        4.710         0.681      351.134      350.900      350.665      350.431      350.196      349.961      349.725
        4.700         0.691      350.378      350.143      349.908      349.674      349.439      349.205      348.970
        4.690         0.701      349.621      349.386      349.152      348.917      348.683      348.448      348.213
        4.680         0.711      348.864      348.630      348.395      348.161      347.926      347.691      347.457
        4.670         0.721      348.108      347.873      347.639      347.404      347.169      346.935      346.700
        4.660         0.731      347.351      347.117      346.882      346.647      346.413      346.178      345.944
        4.650         0.741      346.594      346.360      346.125      345.891      345.656      345.422      345.187
        4.640         0.751      345.838      345.603      345.369      345.134      344.900      344.665      344.430
        4.630         0.761      345.081      344.847      344.612      344.378      344.143      343.908      343.674
        4.620         0.771      344.324      344.090      343.855      343.621      343.386      343.152      342.917
        4.610         0.781      343.568      343.333      343.099      342.864      342.630      342.395      342.162
        4.600         0.791      342.811      342.577      342.342      342.108      341.873      341.638      341.407
        4.590         0.801      342.055      341.820      341.586      341.351      341.116      340.882      340.653
        4.580         0.811      341.298      341.063      340.829      340.594      340.360      340.126      339.899
        4.570         0.821      340.541      340.307      340.072      339.838      339.603      339.371      339.146
        4.560         0.831      339.785      339.550      339.316      339.081      338.846      338.616      338.394
        4.550         0.841      339.028      338.793      338.559      338.324      338.090      337.863      337.642
        4.540         0.851      338.271      338.037      337.802      337.568      337.334      337.110      336.891
        4.530         0.861      337.514      337.280      337.045      336.811      336.580      336.358      336.140
        4.520         0.871      336.758      336.523      336.289      336.054      335.826      335.607      335.390
        4.510         0.881      336.001      335.767      335.532      335.298      335.074      334.856      334.641
        4.500         0.891      335.244      335.010      334.775      334.543      334.322      334.107      333.893
        4.490         0.901      334.488      334.253      334.019      333.790      333.572      333.358      333.145
        4.480         0.911      333.731      333.496      333.262      333.038      332.823      332.610      332.397
        4.470         0.921      332.974      332.740      332.506      332.288      332.075      331.862      331.650
        4.460         0.931      332.220      331.983      331.754      331.540      331.327      331.116      330.904
        4.450         0.941      331.469      331.226      331.005      330.793      330.581      330.370      330.159
        4.440         0.951      330.721      330.470      330.259      330.047      329.836      329.625      329.414
        4.430         0.961      329.976      329.735      329.516      329.304      329.092      328.881      328.670
        4.420         0.971      329.234      329.001      328.776      328.562      328.349      328.138      327.926
        4.410         0.981      328.495      328.267      328.039      327.821      327.607      327.395      327.183
        4.400         0.991      327.760      327.532      327.305      327.082      326.867      326.653      326.441
        4.390         1.001      327.026      326.798      326.570      326.344      326.127      325.912      325.699
        4.380         1.011      326.291      326.064      325.836      325.609      325.388      325.172      324.958
        4.370         1.021      325.557      325.329      325.102      324.874      324.650      324.433      324.218
        4.360         1.031      324.823      324.595      324.367      324.140      323.914      323.694      323.478
        4.350         1.041      324.088      323.861      323.633      323.405      323.178      322.956      322.739
        4.340         1.051      323.354      323.126      322.899      322.671      322.443      322.219      322.000
        4.330         1.061      322.620      322.392      322.164      321.937      321.709      321.483      321.262
        4.320         1.071      321.885      321.658      321.430      321.202      320.975      320.747      320.525
        4.310         1.081      321.151      320.923      320.696      320.468      320.240      320.013      319.788
        4.300         1.091      320.417      320.189      319.961      319.734      319.506      319.278      319.052
        4.290         1.101      319.682      319.455      319.227      318.999      318.772      318.544      318.317
        4.280         1.111      318.948      318.720      318.493      318.265      318.037      317.810      317.582
        4.270         1.121      318.213      317.986      317.758      317.531      317.303      317.075      316.848
        4.260         1.131      317.479      317.251      317.024      316.796      316.569      316.341      316.113
        4.250         1.141      316.745      316.517      316.290      316.062      315.834      315.607      315.379
        4.240         1.151      316.010      315.783      315.555      315.327      315.100      314.872      314.644
        4.230         1.161      315.276      315.048      314.821      314.593      314.365      314.138      313.910
        4.220         1.171      314.541      314.314      314.086      313.859      313.631      313.403      313.176
        4.210         1.181      313.807      313.580      313.352      313.124      312.897      312.669      312.441
        4.200         1.191      313.073      312.845      312.618      312.390      312.162      311.935      311.707
        4.190         1.201      312.338      312.111      311.883      311.656      311.428      311.200      310.972
        4.180         1.211      311.604      311.376      311.149      310.921      310.693      310.466      310.238
        4.170         1.221      310.869      310.642      310.414      310.187      309.959      309.731      309.504
        4.160         1.231      310.135      309.907      309.680      309.452      309.225      308.997      308.769
        4.150         1.241      309.401      309.173      308.945      308.718      308.490      308.263      308.035
        4.140         1.251      308.666      308.439      308.211      307.983      307.756      307.528      307.300
        4.130         1.261      307.932      307.704      307.477      307.249      307.021      306.794      306.566
        4.120         1.271      307.197      306.970      306.742      306.515      306.287      306.059      305.831
        4.110         1.281      306.463      306.235      306.008      305.780      305.552      305.325      305.097
        4.100         1.291      305.728      305.501      305.273      305.046      304.818      304.590      304.363
        4.090         1.301      304.994      304.766      304.539      304.311      304.084      303.856      303.628
        4.080         1.311      304.260      304.032      303.804      303.577      303.349      303.121      302.894
        4.070         1.321      303.525      303.297      303.070      302.842      302.615      302.387      302.159
        4.060         1.331      302.791      302.563      302.335      302.108      301.880      301.652      301.425
        4.050         1.341      302.056      301.829      301.601      301.373      301.146      300.918      300.690
        4.040         1.351      301.322      301.094      300.866      300.639      300.411      300.184      299.956
        4.030         1.361      300.587      300.360      300.132      299.904      299.677      299.449      299.221
        4.020         1.371      299.853      299.625      299.397      299.170      298.942      298.715      298.487
        4.010         1.381      299.118      298.891      298.663      298.435      298.208      297.980      297.752
        4.000         1.391      298.384      298.156      297.929      297.701      297.473      297.246      297.018
        3.990         1.401      297.649      297.422      297.194      296.966      296.739      296.511      296.283
        3.980         1.411      296.915      296.687      296.460      296.232      296.004      295.777      295.549
        3.970         1.421      296.180      295.953      295.725      295.497      295.270      295.042      294.814
        3.960         1.431      295.446      295.218      294.991      294.763      294.535      294.308      294.080
        3.950         1.441      294.711      294.484      294.256      294.028      293.801      293.573      293.345
        3.940         1.451      293.977      293.749      293.521      293.294      293.066      292.839      292.611
        3.930         1.461      293.242      293.015      292.787      292.559      292.332      292.104      291.876
        3.920         1.471      292.508      292.280      292.052      291.825      291.597      291.370      291.142
        3.910         1.481      291.773      291.545      291.318      291.090      290.863      290.635      290.407
        3.900         1.491      291.039      290.811      290.583      290.356      290.128      289.900      289.673
        3.890         1.501      290.304      290.076      289.849      289.621      289.394      289.166      288.938
        3.880         1.511      289.569      289.342      289.114      288.887      288.659      288.431      288.204
        3.870         1.521      288.835      288.607      288.380      288.152      287.924      287.697      287.469
        3.860         1.531      288.100      287.873      287.645      287.418      287.190      286.962      286.735
        3.850         1.541      287.366      287.138      286.911      286.683      286.455      286.228      286.000
        3.840         1.551      286.631      286.404      286.176      285.948      285.721      285.493      285.265
        3.830         1.561      285.897      285.669      285.441      285.214      284.986      284.759      284.531
        3.820         1.571      285.162      284.934      284.707      284.479      284.252      284.024      283.796
        3.810         1.581      284.427      284.200      283.972      283.745      283.517      283.289      283.062
        3.800         1.591      283.693      283.465      283.238      283.010      282.782      282.555      282.327
        3.790         1.601      282.958      282.731      282.503      282.275      282.048      281.820      281.593
        3.780         1.611      282.224      281.996      281.768      281.541      281.313      281.086      280.858
        3.770         1.621      281.489      281.261      281.034      280.806      280.579      280.351      280.123
        3.760         1.631      280.754      280.527      280.299      280.072      279.844      279.616      279.389
        3.750         1.641      280.020      279.792      279.565      279.337      279.109      278.882      278.654
        3.740         1.651      279.285      279.058      278.830      278.602      278.375      278.147      277.919
        3.730         1.661      278.551      278.323      278.095      277.868      277.640      277.413      277.185
        3.720         1.671      277.816      277.588      277.361      277.133      276.906      276.678      276.450
        3.710         1.681      277.081      276.854      276.626      276.399      276.171      275.943      275.716
        3.700         1.691      276.347      276.119      275.892      275.664      275.436      275.209      274.981
        3.690         1.701      275.612      275.384      275.157      274.929      274.702      274.474      274.246
        3.680         1.711      274.877      274.650      274.422      274.195      273.967      273.739      273.512
        3.670         1.721      274.143      273.915      273.688      273.460      273.232      273.005      272.777
        3.660         1.731      273.408      273.181      272.953      272.725      272.498      272.270      272.042
        3.650         1.741      272.673      272.446      272.218      271.991      271.763      271.535      271.308
        3.640         1.751      271.939      271.711      271.484      271.256      271.028      270.801      270.572
        3.630         1.761      271.204      270.977      270.749      270.521      270.294      270.066      269.836
        3.620         1.771      270.469      270.242      270.014      269.787      269.559      269.331      269.100
        3.610         1.781      269.735      269.507      269.280      269.052      268.824      268.597      268.362
        3.600         1.791      269.000      268.772      268.545      268.317      268.090      267.861      267.623
        3.590         1.801      268.265      268.038      267.810      267.583      267.355      267.124      266.884
        3.580         1.811      267.531      267.303      267.075      266.848      266.620      266.387      266.144
        3.570         1.821      266.796      266.568      266.341      266.113      265.885      265.648      265.403
        3.560         1.831      266.061      265.834      265.606      265.379      265.149      264.909      264.662
        3.550         1.841      265.327      265.099      264.871      264.644      264.412      264.168      263.919
        3.540         1.851      264.592      264.364      264.137      263.909      263.673      263.427      263.176
        3.530         1.861      263.857      263.630      263.402      263.174      262.933      262.684      262.432
        3.520         1.871      263.122      262.895      262.667      262.437      262.192      261.941      261.687
        3.510         1.881      262.388      262.160      261.932      261.698      261.449      261.196      260.942
        3.500         1.891      261.653      261.425      261.198      260.957      260.705      260.451      260.195
        3.490         1.901      260.918      260.691      260.462      260.214      259.960      259.704      259.448
        3.480         1.911      260.180      259.956      259.721      259.469      259.213      258.957      258.700
        3.470         1.921      259.439      259.221      258.977      258.722      258.465      258.208      257.951
        3.460         1.931      258.693      258.486      258.230      257.973      257.716      257.459      257.202
        3.450         1.941      257.944      257.724      257.478      257.222      256.965      256.708      256.452
        3.440         1.951      257.190      256.961      256.722      256.469      256.213      255.957      255.700
        3.430         1.961      256.433      256.198      255.962      255.714      255.460      255.205      254.948
        3.420         1.971      255.672      255.435      255.199      254.957      254.705      254.451      254.196
        3.410         1.981      254.909      254.673      254.436      254.198      253.950      253.697      253.442
        3.400         1.991      254.146      253.910      253.674      253.437      253.192      252.941      252.688
        3.390         2.001      253.383      253.147      252.911      252.675      252.434      252.185      251.933
        3.380         2.011      252.621      252.384      252.148      251.912      251.674      251.428      251.177
        3.370         2.021      251.858      251.622      251.385      251.149      250.913      250.669      250.420
        3.360         2.031      251.095      250.859      250.623      250.387      250.150      249.910      249.663
        3.350         2.041      250.332      250.096      249.860      249.624      249.388      249.149      248.904
        3.340         2.051      249.570      249.333      249.097      248.861      248.625      248.388      248.145
        3.330         2.061      248.807      248.571      248.334      248.098      247.862      247.626      247.385
        3.320         2.071      248.044      247.808      247.572      247.335      247.099      246.863      246.625
        3.310         2.081      247.281      247.045      246.809      246.573      246.336      246.100      245.863
        3.300         2.091      246.518      246.282      246.046      245.810      245.574      245.337      245.101
        3.290         2.101      245.756      245.519      245.283      245.047      244.811      244.575      244.338
        3.280         2.111      244.993      244.757      244.520      244.284      244.048      243.812      243.575
        3.270         2.121      244.230      243.994      243.758      243.521      243.285      243.049      242.813
        3.260         2.131      243.467      243.231      242.995      242.759      242.522      242.286      242.050
        3.250         2.141      242.704      242.468      242.232      241.996      241.760      241.523      241.287
        3.240         2.151      241.941      241.705      241.469      241.233      240.997      240.760      240.524
        3.230         2.161      241.179      240.942      240.706      240.470      240.234      239.998      239.761
        3.220         2.171      240.416      240.180      239.943      239.707      239.471      239.235      238.998
        3.210         2.181      239.653      239.417      239.181      238.944      238.708      238.472      238.236
        3.200         2.191      238.890      238.654      238.418      238.181      237.945      237.709      237.473
        3.190         2.201      238.127      237.891      237.655      237.419      237.182      236.946      236.710
        3.180         2.211      237.364      237.128      236.892      236.656      236.420      236.183      235.947
        3.170         2.221      236.601      236.365      236.129      235.893      235.657      235.420      235.184
        3.160         2.231      235.838      235.602      235.366      235.130      234.894      234.658      234.421
        3.150         2.241      235.076      234.839      234.603      234.367      234.131      233.895      233.658
        3.140         2.251      234.313      234.077      233.840      233.604      233.368      233.132      232.896
        3.130         2.261      233.550      233.314      233.077      232.841      232.605      232.369      232.135
        3.120         2.271      232.787      232.551      232.314      232.078      231.842      231.606      231.374
        3.110         2.281      232.024      231.788      231.552      231.315      231.079      230.843      230.614
        3.100         2.291      231.261      231.025      230.789      230.552      230.316      230.081      229.855
        3.090         2.301      230.498      230.262      230.026      229.789      229.553      229.320      229.097
        3.080         2.311      229.735      229.499      229.263      229.027      228.790      228.560      228.339
        3.070         2.321      228.972      228.736      228.500      228.264      228.028      227.801      227.582
        3.060         2.331      228.209      227.973      227.737      227.501      227.266      227.043      226.827
        3.050         2.341      227.446      227.210      226.974      226.738      226.506      226.286      226.072
        3.040         2.351      226.683      226.447      226.211      225.975      225.747      225.530      225.317
        3.030         2.361      225.920      225.684      225.448      225.212      224.989      224.775      224.564
        3.020         2.371      225.157      224.921      224.685      224.452      224.233      224.021      223.811
        3.010         2.381      224.394      224.158      223.922      223.693      223.478      223.268      223.059
        3.000         2.391      223.631      223.395      223.159      222.937      222.725      222.516      222.308
        2.990         2.401      222.868      222.632      222.397      222.182      221.973      221.765      221.558
        2.980         2.411      222.108      221.869      221.640      221.430      221.222      221.015      220.809
        2.970         2.421      221.352      221.106      220.886      220.679      220.473      220.266      220.060
        2.960         2.431      220.600      220.343      220.137      219.931      219.724      219.518      219.312
        2.950         2.441      219.852      219.608      219.391      219.184      218.978      218.771      218.565
        2.940         2.451      219.108      218.874      218.650      218.440      218.232      218.025      217.819
        2.930         2.461      218.368      218.140      217.913      217.697      217.488      217.280      217.073
        2.920         2.471      217.632      217.405      217.178      216.957      216.745      216.537      216.329
        2.910         2.481      216.898      216.671      216.444      216.219      216.004      215.794      215.585
        2.900         2.491      216.164      215.937      215.709      215.482      215.264      215.052      214.842
        2.890         2.501      215.429      215.202      214.975      214.748      214.525      214.311      214.100
        2.880         2.511      214.695      214.468      214.241      214.013      213.788      213.571      213.358
        2.870         2.521      213.961      213.733      213.506      213.279      213.052      212.832      212.617
        2.860         2.531      213.226      212.999      212.772      212.544      212.317      212.094      211.878
        2.850         2.541      212.492      212.264      212.037      211.810      211.583      211.357      211.139
        2.840         2.551      211.757      211.530      211.303      211.075      210.848      210.621      210.400
        2.830         2.561      211.023      210.796      210.568      210.341      210.114      209.886      209.663
        2.820         2.571      210.288      210.061      209.834      209.607      209.379      209.152      208.926
        2.810         2.581      209.554      209.327      209.099      208.872      208.645      208.417      208.190
        2.800         2.591      208.819      208.592      208.365      208.138      207.910      207.683      207.455
        2.790         2.601      208.085      207.858      207.630      207.403      207.176      206.948      206.721
        2.780         2.611      207.350      207.123      206.896      206.669      206.441      206.214      205.986
        2.770         2.621      206.616      206.389      206.161      205.934      205.707      205.479      205.252
        2.760         2.631      205.881      205.654      205.427      205.200      204.972      204.745      204.517
        2.750         2.641      205.147      204.919      204.692      204.465      204.238      204.010      203.783
        2.740         2.651      204.412      204.185      203.958      203.730      203.503      203.276      203.048
        2.730         2.661      203.678      203.450      203.223      202.996      202.768      202.541      202.314
        2.720         2.671      202.943      202.716      202.489      202.261      202.034      201.807      201.579
        2.710         2.681      202.208      201.981      201.754      201.527      201.299      201.072      200.844
        2.700         2.691      201.474      201.247      201.019      200.792      200.565      200.337      200.110
        2.690         2.701      200.739      200.512      200.285      200.057      199.830      199.603      199.375
        2.680         2.711      200.004      199.777      199.550      199.323      199.095      198.868      198.641
        2.670         2.721      199.270      199.043      198.815      198.588      198.361      198.133      197.906
        2.660         2.731      198.535      198.308      198.081      197.853      197.626      197.399      197.171
        2.650         2.741      197.800      197.573      197.346      197.119      196.892      196.664      196.437
        2.640         2.751      197.066      196.839      196.611      196.384      196.157      195.929      195.702
        2.630         2.761      196.331      196.104      195.877      195.649      195.422      195.195      194.967
        2.620         2.771      195.596      195.369      195.142      194.915      194.687      194.460      194.233
        2.610         2.781      194.862      194.634      194.407      194.180      193.953      193.725      193.498
        2.600         2.791      194.127      193.900      193.673      193.445      193.218      192.990      192.763
        2.590         2.801      193.392      193.165      192.938      192.711      192.483      192.256      192.028
        2.580         2.811      192.657      192.430      192.203      191.976      191.748      191.521      191.294
        2.570         2.821      191.923      191.695      191.468      191.241      191.014      190.786      190.559
        2.560         2.831      191.188      190.961      190.733      190.506      190.279      190.051      189.824
        2.550         2.841      190.453      190.226      189.999      189.771      189.544      189.317      189.089
        2.540         2.851      189.718      189.491      189.264      189.037      188.809      188.582      188.354
        2.530         2.861      188.983      188.756      188.529      188.302      188.074      187.847      187.619
        2.520         2.871      188.249      188.021      187.794      187.567      187.340      187.112      186.885
        2.510         2.881      187.514      187.287      187.059      186.832      186.605      186.377      186.150
        2.500         2.891      186.779      186.552      186.324      186.097      185.870      185.642      185.415
        2.490         2.901      186.044      185.817      185.590      185.362      185.135      184.908      184.680
        2.480         2.911      185.309      185.082      184.855      184.627      184.400      184.173      183.945
        2.470         2.921      184.574      184.347      184.120      183.892      183.665      183.438      183.210
        2.460         2.931      183.839      183.612      183.385      183.157      182.930      182.703      182.475
        2.450         2.941      183.104      182.877      182.650      182.423      182.195      181.968      181.740
        2.440         2.951      182.369      182.142      181.915      181.688      181.460      181.233      181.005
        2.430         2.961      181.634      181.407      181.180      180.953      180.725      180.498      180.270
        2.420         2.971      180.899      180.672      180.445      180.218      179.990      179.763      179.536
        2.410         2.981      180.164      179.937      179.710      179.483      179.255      179.028      178.800
        2.400         2.991      179.429      179.202      178.975      178.748      178.520      178.293      178.065
        2.390         3.001      178.694      178.467      178.240      178.013      177.785      177.558      177.330
        2.380         3.011      177.959      177.732      177.505      177.278      177.050      176.823      176.595
        2.370         3.021      177.224      176.997      176.770      176.543      176.315      176.088      175.860
        2.360         3.031      176.489      176.262      176.035      175.808      175.580      175.353      175.125
        2.350         3.041      175.754      175.527      175.300      175.072      174.845      174.618      174.390
        2.340         3.051      175.019      174.792      174.565      174.337      174.110      173.883      173.655
        2.330         3.061      174.284      174.057      173.830      173.602      173.375      173.148      172.920
        2.320         3.071      173.549      173.322      173.094      172.867      172.640      172.412      172.185
        2.310         3.081      172.814      172.587      172.359      172.132      171.905      171.677      171.450
        2.300         3.091      172.079      171.851      171.624      171.397      171.169      170.942      170.715
        2.290         3.101      171.343      171.116      170.889      170.662      170.434      170.207      169.979
        2.280         3.111      170.608      170.381      170.154      169.927      169.699      169.472      169.244
        2.270         3.121      169.873      169.646      169.419      169.191      168.964      168.737      168.509
        2.260         3.131      169.138      168.911      168.683      168.456      168.229      168.001      167.774
        2.250         3.141      168.403      168.176      167.948      167.721      167.494      167.266      167.039
        2.240         3.151      167.668      167.440      167.213      166.986      166.758      166.531      166.303
        2.230         3.161      166.932      166.705      166.478      166.250      166.023      165.796      165.568
        2.220         3.171      166.197      165.970      165.743      165.515      165.288      165.060      164.833
        2.210         3.181      165.462      165.234      165.007      164.780      164.553      164.325      164.098
        2.200         3.191      164.726      164.499      164.272      164.045      163.817      163.590      163.362
        2.190         3.201      163.991      163.764      163.537      163.309      163.082      162.855      162.627
        2.180         3.211      163.256      163.029      162.801      162.574      162.347      162.119      161.892
        2.170         3.221      162.521      162.293      162.066      161.839      161.611      161.384      161.156
        2.160         3.231      161.785      161.558      161.331      161.103      160.876      160.649      160.420
        2.150         3.241      161.050      160.823      160.595      160.368      160.141      159.913      159.684
        2.140         3.251      160.314      160.087      159.860      159.633      159.405      159.178      158.946
        2.130         3.261      159.579      159.352      159.125      158.897      158.670      158.442      158.208
        2.120         3.271      158.844      158.616      158.389      158.162      157.934      157.706      157.468
        2.110         3.281      158.108      157.881      157.654      157.426      157.199      156.969      156.728
        2.100         3.291      157.373      157.146      156.918      156.691      156.464      156.230      155.987
        2.090         3.301      156.637      156.410      156.183      155.956      155.728      155.491      155.246
        2.080         3.311      155.902      155.675      155.447      155.220      154.991      154.751      154.503
        2.070         3.321      155.167      154.939      154.712      154.485      154.253      154.009      153.760
        2.060         3.331      154.431      154.204      153.977      153.749      153.513      153.267      153.016
        2.050         3.341      153.696      153.468      153.241      153.013      152.772      152.523      152.271
        2.040         3.351      152.960      152.733      152.506      152.275      152.030      151.779      151.525
        2.030         3.361      152.225      151.997      151.770      151.535      151.286      151.033      150.778
        2.020         3.371      151.489      151.262      151.035      150.793      150.541      150.286      150.030
        2.010         3.381      150.753      150.526      150.298      150.049      149.795      149.539      149.282
        2.000         3.391      150.015      149.791      149.556      149.303      149.047      148.790      148.533
        1.990         3.401      149.272      149.055      148.811      148.555      148.298      148.041      147.783
        1.980         3.411      148.526      148.320      148.062      147.805      147.547      147.290      147.032
        1.970         3.421      147.775      147.555      147.309      147.053      146.795      146.538      146.281
        1.960         3.431      147.020      146.791      146.552      146.298      146.042      145.785      145.528
        1.950         3.441      146.261      146.027      145.790      145.542      145.288      145.032      144.775
        1.940         3.451      145.498      145.262      145.026      144.784      144.532      144.277      144.021
        1.930         3.461      144.734      144.498      144.262      144.023      143.774      143.521      143.266
        1.920         3.471      143.970      143.733      143.497      143.261      143.016      142.764      142.510
        1.910         3.481      143.205      142.969      142.733      142.497      142.255      142.006      141.754
        1.900         3.491      142.441      142.205      141.968      141.732      141.494      141.247      140.996
        1.890         3.501      141.676      141.440      141.204      140.968      140.731      140.487      140.238
        1.880         3.511      140.912      140.676      140.440      140.203      139.967      139.726      139.479
        1.870         3.521      140.147      139.911      139.675      139.439      139.203      138.964      138.719
        1.860         3.531      139.383      139.147      138.911      138.674      138.438      138.201      137.959
        1.850         3.541      138.618      138.382      138.146      137.910      137.674      137.437      137.197
        1.840         3.551      137.854      137.618      137.382      137.145      136.909      136.673      136.435
        1.830         3.561      137.090      136.853      136.617      136.381      136.145      135.908      135.672
        1.820         3.571      136.325      136.089      135.853      135.617      135.380      135.144      134.908
        1.810         3.581      135.561      135.324      135.088      134.852      134.616      134.379      134.143
        1.800         3.591      134.796      134.560      134.324      134.087      133.851      133.615      133.379
        1.790         3.601      134.031      133.795      133.559      133.323      133.087      132.850      132.614
        1.780         3.611      133.267      133.031      132.795      132.558      132.322      132.086      131.850
        1.770         3.621      132.502      132.266      132.030      131.794      131.558      131.321      131.085
        1.760         3.631      131.738      131.502      131.265      131.029      130.793      130.557      130.320
        1.750         3.641      130.973      130.737      130.501      130.265      130.028      129.792      129.556
        1.740         3.651      130.209      129.972      129.736      129.500      129.264      129.028      128.791
        1.730         3.661      129.444      129.208      128.972      128.736      128.499      128.263      128.027
        1.720         3.671      128.679      128.443      128.207      127.971      127.735      127.498      127.262
        1.710         3.681      127.915      127.679      127.442      127.206      126.970      126.734      126.498
        1.700         3.691      127.150      126.914      126.678      126.442      126.205      125.969      125.733
        1.690         3.701      126.386      126.149      125.913      125.677      125.441      125.205      124.968
        1.680         3.711      125.621      125.385      125.149      124.912      124.676      124.440      124.204
        1.670         3.721      124.856      124.620      124.384      124.148      123.912      123.675      123.439
        1.660         3.731      124.092      123.855      123.619      123.383      123.147      122.911      122.675
        1.650         3.741      123.327      123.091      122.855      122.618      122.382      122.146      121.912
        1.640         3.751      122.562      122.326      122.090      121.854      121.618      121.381      121.150
        1.630         3.761      121.798      121.561      121.325      121.089      120.853      120.617      120.388
        1.620         3.771      121.033      120.797      120.561      120.324      120.088      119.853      119.627
        1.610         3.781      120.268      120.032      119.796      119.560      119.324      119.090      118.868
        1.600         3.791      119.504      119.267      119.031      118.795      118.559      118.329      118.109
        1.590         3.801      118.739      118.503      118.266      118.030      117.794      117.568      117.351
        1.580         3.811      117.974      117.738      117.502      117.266      117.031      116.809      116.593
        1.570         3.821      117.209      116.973      116.737      116.501      116.269      116.050      115.837
        1.560         3.831      116.445      116.208      115.972      115.736      115.509      115.293      115.081
        1.550         3.841      115.680      115.444      115.208      114.972      114.750      114.536      114.326
        1.540         3.851      114.915      114.679      114.443      114.210      113.992      113.781      113.573
        1.530         3.861      114.150      113.914      113.678      113.450      113.236      113.027      112.820
        1.520         3.871      113.386      113.149      112.913      112.692      112.481      112.274      112.067
        1.510         3.881      112.621      112.385      112.150      111.936      111.728      111.522      111.316
        1.500         3.891      111.859      111.620      111.391      111.182      110.976      110.770      110.565
        1.490         3.901      111.102      110.855      110.636      110.430      110.225      110.020      109.816
        1.480         3.911      110.349      110.090      109.886      109.681      109.476      109.271      109.067
        1.470         3.921      109.600      109.355      109.139      108.933      108.728      108.524      108.319
        1.460         3.931      108.855      108.621      108.397      108.188      107.982      107.777      107.571
        1.450         3.941      108.114      107.886      107.659      107.445      107.237      107.031      106.825
        1.440         3.951      107.378      107.151      106.924      106.704      106.494      106.286      106.080
        1.430         3.961      106.643      106.416      106.190      105.965      105.751      105.542      105.335
        1.420         3.971      105.909      105.682      105.455      105.228      105.011      104.800      104.591
        1.410         3.981      105.174      104.947      104.720      104.493      104.271      104.058      103.848
        1.400         3.991      104.439      104.212      103.985      103.758      103.533      103.317      103.106
        1.390         4.001      103.704      103.477      103.250      103.024      102.797      102.578      102.365
        1.380         4.011      102.969      102.742      102.516      102.289      102.062      101.840      101.624
        1.370         4.021      102.235      102.008      101.781      101.554      101.327      101.102      100.885
        1.360         4.031      101.500      101.273      101.046      100.819      100.592      100.366      100.146
        1.350         4.041      100.765      100.538      100.311      100.084       99.857       99.630       99.408
        1.340         4.051      100.030       99.803       99.576       99.349       99.123       98.896       98.671
        1.330         4.061       99.295       99.068       98.841       98.615       98.388       98.161       97.934
        1.320         4.071       98.560       98.334       98.107       97.880       97.653       97.426       97.199
        1.310         4.081       97.826       97.599       97.372       97.145       96.918       96.691       96.464
        1.300         4.091       97.091       96.864       96.637       96.410       96.183       95.956       95.729
        1.290         4.101       96.356       96.129       95.902       95.675       95.448       95.221       94.994
        1.280         4.111       95.621       95.394       95.167       94.940       94.713       94.486       94.260
        1.270         4.121       94.886       94.659       94.432       94.205       93.978       93.752       93.525
        1.260         4.131       94.151       93.924       93.697       93.470       93.244       93.017       92.790
        1.250         4.141       93.416       93.189       92.962       92.736       92.509       92.282       92.055
        1.240         4.151       92.681       92.454       92.228       92.001       91.774       91.547       91.320
        1.230         4.161       91.946       91.720       91.493       91.266       91.039       90.812       90.585
        1.220         4.171       91.212       90.985       90.758       90.531       90.304       90.077       89.850
        1.210         4.181       90.477       90.250       90.023       89.796       89.569       89.342       89.115
        1.200         4.191       89.742       89.515       89.288       89.061       88.834       88.607       88.380
        1.190         4.201       89.007       88.780       88.553       88.326       88.099       87.872       87.645
        1.180         4.211       88.272       88.045       87.818       87.591       87.364       87.137       86.910
        1.170         4.221       87.537       87.310       87.083       86.856       86.629       86.402       86.175
        1.160         4.231       86.802       86.575       86.348       86.121       85.894       85.667       85.440
        1.150         4.241       86.067       85.840       85.613       85.386       85.159       84.932       84.705
        1.140         4.251       85.332       85.105       84.878       84.651       84.424       84.197       83.970
        1.130         4.261       84.597       84.370       84.143       83.916       83.689       83.462       83.235
        1.120         4.271       83.862       83.635       83.408       83.181       82.954       82.727       82.500
        1.110         4.281       83.127       82.900       82.673       82.446       82.219       81.992       81.765
        1.100         4.291       82.392       82.165       81.938       81.711       81.484       81.257       81.030
        1.090         4.301       81.657       81.430       81.203       80.976       80.749       80.522       80.295
        1.080         4.311       80.922       80.695       80.468       80.241       80.014       79.787       79.560
        1.070         4.321       80.187       79.960       79.733       79.506       79.279       79.052       78.825
        1.060         4.331       79.452       79.225       78.998       78.771       78.544       78.317       78.090
        1.050         4.341       78.717       78.490       78.263       78.036       77.809       77.582       77.355
        1.040         4.351       77.982       77.755       77.528       77.301       77.074       76.847       76.620
        1.030         4.361       77.247       77.020       76.793       76.566       76.339       76.112       75.885
        1.020         4.371       76.512       76.285       76.058       75.831       75.604       75.377       75.150
        1.010         4.381       75.777       75.550       75.323       75.096       74.869       74.642       74.415
        1.000         4.391       75.042       74.815       74.588       74.361       74.134       73.907       73.680
        0.990         4.401       74.307       74.080       73.853       73.626       73.399       73.172       72.945
        0.980         4.411       73.572       73.345       73.118       72.891       72.664       72.437       72.210
        0.970         4.421       72.837       72.610       72.383       72.156       71.929       71.702       71.475
        0.960         4.431       72.102       71.875       71.648       71.421       71.194       70.967       70.740
        0.950         4.441       71.367       71.140       70.913       70.686       70.459       70.232       70.005
        0.940         4.451       70.631       70.405       70.178       69.951       69.724       69.497       69.270
        0.930         4.461       69.896       69.669       69.443       69.216       68.989       68.762       68.535
        0.920         4.471       69.161       68.934       68.707       68.480       68.254       68.027       67.800
        0.910         4.481       68.426       68.199       67.972       67.745       67.518       67.291       67.064
        0.900         4.491       67.691       67.464       67.237       67.010       66.783       66.556       66.329
        0.890         4.501       66.956       66.729       66.502       66.275       66.048       65.821       65.594
        0.880         4.511       66.221       65.994       65.767       65.540       65.313       65.086       64.859
        0.870         4.521       65.486       65.259       65.032       64.805       64.578       64.351       64.124
        0.860         4.531       64.751       64.524       64.297       64.070       63.843       63.616       63.389
        0.850         4.541       64.016       63.789       63.562       63.335       63.108       62.881       62.654
        0.840         4.551       63.281       63.054       62.827       62.600       62.373       62.146       61.919
        0.830         4.561       62.545       62.318       62.092       61.865       61.638       61.411       61.184
        0.820         4.571       61.810       61.583       61.356       61.129       60.902       60.675       60.448
        0.810         4.581       61.075       60.848       60.621       60.394       60.167       59.940       59.713
        0.800         4.591       60.340       60.113       59.886       59.659       59.432       59.205       58.978
        0.790         4.601       59.605       59.378       59.151       58.924       58.697       58.470       58.243
        0.780         4.611       58.870       58.643       58.416       58.189       57.962       57.735       57.508
        0.770         4.621       58.135       57.908       57.681       57.454       57.227       57.000       56.773
        0.760         4.631       57.400       57.173       56.946       56.719       56.492       56.265       56.038
        0.750         4.641       56.665       56.438       56.211       55.984       55.757       55.529       55.302
        0.740         4.651       55.929       55.702       55.475       55.248       55.021       54.794       54.567
        0.730         4.661       55.194       54.967       54.740       54.513       54.286       54.059       53.832
        0.720         4.671       54.459       54.232       54.005       53.778       53.551       53.324       53.097
        0.710         4.681       53.724       53.497       53.270       53.043       52.816       52.589       52.362
        0.700         4.691       52.989       52.762       52.535       52.308       52.081       51.854       51.627
        0.690         4.701       52.254       52.027       51.800       51.573       51.346       51.119       50.891
        0.680         4.711       51.519       51.292       51.065       50.838       50.611       50.383       50.156
        0.670         4.721       50.784       50.557       50.330       50.102       49.875       49.648       49.419
        0.660         4.731       50.049       49.821       49.594       49.367       49.140       48.913       48.682
        0.650         4.741       49.313       49.086       48.859       48.632       48.405       48.178       47.943
        0.640         4.751       48.578       48.351       48.124       47.897       47.670       47.442       47.204
        0.630         4.761       47.843       47.616       47.389       47.162       46.935       46.705       46.464
        0.620         4.771       47.108       46.881       46.654       46.427       46.200       45.967       45.724
        0.610         4.781       46.373       46.146       45.919       45.692       45.464       45.227       44.982
        0.600         4.791       45.638       45.411       45.184       44.956       44.728       44.487       44.240
        0.590         4.801       44.903       44.676       44.448       44.221       43.990       43.746       43.497
        0.580         4.811       44.168       43.940       43.713       43.486       43.250       43.004       42.753
        0.570         4.821       43.432       43.205       42.978       42.751       42.510       42.260       42.008
        0.560         4.831       42.697       42.470       42.243       42.013       41.768       41.516       41.262
        0.550         4.841       41.962       41.735       41.508       41.273       41.024       40.771       40.516
        0.540         4.851       41.227       41.000       40.773       40.532       40.279       40.024       39.768
        0.530         4.861       40.492       40.265       40.036       39.788       39.533       39.277       39.020
        0.520         4.871       39.754       39.530       39.295       39.042       38.786       38.529       38.271
        0.510         4.881       39.012       38.795       38.551       38.294       38.037       37.779       37.522
        0.500         4.891       38.265       38.059       37.802       37.544       37.286       37.029       36.774
        0.490         4.901       37.515       37.295       37.049       36.792       36.535       36.277       36.025
        0.480         4.911       36.760       36.531       36.292       36.038       35.782       35.525       35.276
        0.470         4.921       36.001       35.767       35.530       35.282       35.027       34.772       34.528
        0.460         4.931       35.239       35.002       34.766       34.524       34.272       34.020       33.779
        0.450         4.941       34.474       34.238       34.002       33.764       33.514       33.268       33.029
        0.440         4.951       33.710       33.474       33.238       33.001       32.756       32.516       32.279
        0.430         4.961       32.946       32.710       32.473       32.237       31.998       31.765       31.527
        0.420         4.971       32.182       31.945       31.709       31.473       31.240       31.012       30.775
        0.410         4.981       31.417       31.181       30.945       30.709       30.483       30.258       30.022
        0.400         4.991       30.653       30.417       30.181       29.945       29.725       29.504       29.268
        0.390         5.001       29.889       29.653       29.416       29.184       28.969       28.748       28.513
        0.380         5.011       29.125       28.888       28.652       28.425       28.213       27.991       27.757
        0.370         5.021       28.360       28.124       27.888       27.669       27.457       27.233       27.000
        0.360         5.031       27.596       27.360       27.125       26.915       26.701       26.475       26.243
        0.350         5.041       26.836       26.596       26.368       26.163       25.944       25.717       25.485
        0.340         5.051       26.080       25.831       25.615       25.411       25.188       24.958       24.726
        0.330         5.061       25.329       25.067       24.868       24.659       24.432       24.200       23.966
        0.320         5.071       24.583       24.338       24.125       23.906       23.676       23.442       23.206
        0.310         5.081       23.842       23.609       23.385       23.154       22.919       22.683       22.447
        0.300         5.091       23.103       22.879       22.645       22.402       22.163       21.925       21.687
        0.290         5.101       22.363       22.150       21.904       21.650       21.407       21.166       20.927
        0.280         5.111       21.620       21.421       21.158       20.898       20.650       20.408       20.168
        0.270         5.121       20.872       20.656       20.407       20.145       19.894       19.649       19.408
        0.260         5.131       20.119       19.891       19.650       19.392       19.137       18.891       18.648
        0.250         5.141       19.360       19.126       18.889       18.637       18.381       18.132       17.888
        0.240         5.151       18.597       18.361       18.124       17.880       17.624       17.373       17.128
        0.230         5.161       17.832       17.596       17.359       17.120       16.867       16.615       16.368
        0.220         5.171       17.067       16.831       16.594       16.357       16.109       15.856       15.609
        0.210         5.181       16.302       16.066       15.829       15.592       15.350       15.097       14.849
        0.200         5.191       15.537       15.301       15.064       14.827       14.588       14.339       14.089
        0.190         5.201       14.772       14.535       14.299       14.062       13.825       13.579       13.330
        0.180         5.211       14.007       13.770       13.534       13.297       13.061       12.818       12.586
        0.170         5.221       13.242       13.005       12.769       12.532       12.295       12.056       11.863
        0.160         5.231       12.477       12.240       12.004       11.767       11.530       11.293       11.162
        0.150         5.241       11.712       11.475       11.239       11.002       10.765       10.531       10.483
        0.140         5.251       10.947       10.710       10.474       10.237       10.000        9.791        9.823
        0.130         5.261       10.182        9.945        9.709        9.472        9.235        9.077        9.184
        0.120         5.271        9.417        9.180        8.944        8.707        8.470        8.390        8.566
        0.110         5.281        8.652        8.415        8.179        7.942        7.710        7.730        7.969
        0.100         5.291        7.887        7.650        7.414        7.177        6.984        7.097        7.393
        0.090         5.301        7.122        6.885        6.649        6.412        6.292        6.492        6.838
        0.080         5.311        6.357        6.120        5.883        5.647        5.638        5.914        6.305
        0.070         5.321        5.592        5.355        5.118        4.895        5.018        5.363        5.794
        0.060         5.331        4.827        4.590        4.353        4.195        4.436        4.838        5.305
        0.050         5.341        4.062        3.825        3.588        3.549        3.888        4.340        4.837
        0.040         5.351        3.297        3.060        2.823        2.957        3.377        3.870        4.391
        0.030         5.361        2.535        2.295        2.097        2.419        2.902        3.426        3.966
        0.020         5.371        1.849        1.530        1.478        1.935        2.463        3.009        3.564
        0.010         5.381        1.271         .765         .967        1.505        2.060        2.619        3.182
        0.000         5.391         .801         .000         .564        1.129        1.693        2.257        2.822
