0
6
        5.020         0.375      387.202      387.194      387.011      386.636      386.113      385.508      384.838
        5.010         0.385      386.893      386.858      386.667      386.313      385.787      385.169      384.486
        5.000         0.395      386.540      386.485      386.285      385.943      385.431      384.805      384.111
        4.990         0.405      386.151      386.078      385.870      385.532      385.040      384.414      383.716
        4.980         0.415      385.729      385.639      385.424      385.087      384.615      383.996      383.299
        4.970         0.425      385.276      385.172      384.949      384.611      384.153      383.551      382.861
        4.960         0.435      384.794      384.677      384.447      384.107      383.656      383.078      382.400
        4.950         0.445      384.285      384.156      383.918      383.577      383.130      382.576      381.918
        4.940         0.455      383.751      383.609      383.365      383.021      382.578      382.045      381.413
        4.930         0.465      383.192      383.040      382.789      382.442      382.003      381.488      380.886
        4.920         0.475      382.609      382.447      382.189      381.839      381.406      380.907      380.336
        4.910         0.485      382.005      381.832      381.568      381.215      380.789      380.306      379.763
        4.900         0.495      381.378      381.196      380.926      380.571      380.154      379.688      379.169
        4.890         0.505      380.730      380.540      380.263      379.909      379.503      379.053      378.555
        4.880         0.515      380.063      379.864      379.581      379.230      378.837      378.403      377.926
        4.870         0.525      379.376      379.168      378.880      378.536      378.157      377.740      377.282
        4.860         0.535      378.671      378.453      378.163      377.830      377.464      377.064      376.625
        4.850         0.545      377.952      377.720      377.432      377.112      376.761      376.377      375.956
        4.840         0.555      377.219      376.970      376.691      376.384      376.048      375.679      375.275
        4.830         0.565      376.478      376.215      375.942      375.648      375.326      374.973      374.585
        4.820         0.575      375.729      375.459      375.188      374.906      374.596      374.257      373.885
        4.810         0.585      374.975      374.704      374.432      374.157      373.860      373.534      373.177
        4.800         0.595      374.219      373.948      373.677      373.405      373.118      372.805      372.462
        4.790         0.605      373.464      373.192      372.921      372.650      372.371      372.069      371.739
        4.780         0.615      372.708      372.437      372.165      371.894      371.620      371.328      371.010
        4.770         0.625      371.952      371.681      371.410      371.139      370.867      370.583      370.276
        4.760         0.635      371.197      370.925      370.654      370.383      370.112      369.834      369.537
        4.750         0.645      370.441      370.170      369.899      369.627      369.356      369.082      368.793
        4.740         0.655      369.685      369.414      369.143      368.872      368.600      368.329      368.046
        4.730         0.665      368.930      368.658      368.387      368.116      367.845      367.574      367.297
        4.720         0.675      368.174      367.903      367.632      367.360      367.089      366.818      366.544
        4.710         0.685      367.418      367.147      366.876      366.605      366.334      366.062      365.791
        4.700         0.695      366.663      366.392      366.120      365.849      365.578      365.307      365.035
        4.690         0.705      365.907      365.636      365.365      365.094      364.822      364.551      364.280
        4.680         0.715      365.151      364.880      364.609      364.338      364.067      363.795      363.524
        4.670         0.725      364.396      364.125      363.853      363.582      363.311      363.040      362.769
        4.660         0.735      363.640      363.369      363.098      362.827      362.555      362.284      362.013
        4.650         0.745      362.885      362.613      362.342      362.071      361.800      361.529      361.257
        4.640         0.755      362.129      361.858      361.587      361.315      361.044      360.773      360.502
        4.630         0.765      361.373      361.102      360.831      360.560      360.289      360.017      359.746
        4.620         0.775      360.618      360.346      360.075      359.804      359.533      359.262      358.989
        4.610         0.785      359.862      359.591      359.320      359.048      358.777      358.506      358.232
        4.600         0.795      359.106      358.835      358.564      358.293      358.022      357.750      357.473
        4.590         0.805      358.351      358.079      357.808      357.537      357.266      356.995      356.714
        4.580         0.815      357.595      357.324      357.053      356.781      356.510      356.238      355.953
        4.570         0.825      356.839      356.568      356.297      356.026      355.755      355.479      355.191
        4.560         0.835      356.084      355.813      355.541      355.270      354.999      354.720      354.429
        4.550         0.845      355.328      355.057      354.786      354.515      354.243      353.959      353.665
        4.540         0.855      354.572      354.301      354.030      353.759      353.485      353.197      352.901
        4.530         0.865      353.817      353.545      353.274      353.003      352.726      352.434      352.135
        4.520         0.875      353.061      352.790      352.519      352.248      351.965      351.670      351.369
        4.510         0.885      352.305      352.034      351.763      351.491      351.203      350.904      350.602
        4.500         0.895      351.550      351.278      351.007      350.732      350.438      350.137      349.833
        4.490         0.905      350.794      350.523      350.252      349.971      349.673      349.369      349.064
        4.480         0.915      350.038      349.767      349.496      349.207      348.905      348.600      348.293
        4.470         0.925      349.282      349.011      348.738      348.441      348.136      347.829      347.522
        4.460         0.935      348.523      348.256      347.976      347.672      347.365      347.058      346.750
        4.450         0.945      347.759      347.500      347.208      346.901      346.593      346.285      345.976
        4.440         0.955      346.991      346.744      346.436      346.127      345.819      345.510      345.202
        4.430         0.965      346.217      345.954      345.659      345.351      345.043      344.735      344.427
        4.420         0.975      345.438      345.164      344.876      344.573      344.266      343.958      343.650
        4.410         0.985      344.655      344.373      344.089      343.792      343.487      343.180      342.873
        4.400         0.995      343.866      343.583      343.299      343.008      342.707      342.401      342.095
        4.390         1.005      343.076      342.792      342.509      342.223      341.924      341.621      341.315
        4.380         1.015      342.285      342.002      341.718      341.434      341.141      340.839      340.535
        4.370         1.025      341.495      341.211      340.928      340.644      340.355      340.057      339.754
        4.360         1.035      340.704      340.421      340.137      339.853      339.568      339.273      338.972
        4.350         1.045      339.914      339.630      339.347      339.063      338.779      338.487      338.189
        4.340         1.055      339.123      338.840      338.556      338.273      337.989      337.701      337.405
        4.330         1.065      338.333      338.049      337.766      337.482      337.199      336.913      336.619
        4.320         1.075      337.542      337.259      336.975      336.692      336.408      336.124      335.833
        4.310         1.085      336.752      336.468      336.185      335.901      335.618      335.334      335.046
        4.300         1.095      335.961      335.678      335.394      335.111      334.827      334.544      334.258
        4.290         1.105      335.171      334.887      334.604      334.320      334.037      333.753      333.469
        4.280         1.115      334.380      334.097      333.813      333.530      333.246      332.963      332.679
        4.270         1.125      333.590      333.306      333.023      332.739      332.456      332.172      331.889
        4.260         1.135      332.799      332.516      332.232      331.949      331.665      331.382      331.098
        4.250         1.145      332.009      331.725      331.442      331.158      330.875      330.591      330.308
        4.240         1.155      331.218      330.935      330.651      330.368      330.084      329.801      329.517
        4.230         1.165      330.428      330.144      329.861      329.577      329.294      329.010      328.727
        4.220         1.175      329.637      329.354      329.070      328.787      328.503      328.220      327.936
        4.210         1.185      328.847      328.563      328.280      327.996      327.713      327.429      327.146
        4.200         1.195      328.056      327.773      327.489      327.206      326.922      326.639      326.355
        4.190         1.205      327.266      326.982      326.699      326.415      326.132      325.848      325.565
        4.180         1.215      326.475      326.192      325.908      325.625      325.341      325.058      324.774
        4.170         1.225      325.685      325.401      325.118      324.834      324.551      324.267      323.984
        4.160         1.235      324.894      324.611      324.327      324.044      323.760      323.477      323.193
        4.150         1.245      324.104      323.820      323.537      323.253      322.970      322.686      322.403
        4.140         1.255      323.313      323.030      322.746      322.463      322.179      321.896      321.612
        4.130         1.265      322.523      322.239      321.956      321.672      321.389      321.105      320.822
        4.120         1.275      321.732      321.449      321.165      320.882      320.598      320.315      320.031
        4.110         1.285      320.942      320.658      320.375      320.091      319.808      319.524      319.241
        4.100         1.295      320.151      319.868      319.584      319.301      319.017      318.734      318.450
        4.090         1.305      319.361      319.077      318.794      318.510      318.227      317.943      317.660
        4.080         1.315      318.570      318.287      318.003      317.720      317.436      317.153      316.869
        4.070         1.325      317.780      317.496      317.213      316.929      316.646      316.362      316.079
        4.060         1.335      316.989      316.706      316.422      316.139      315.855      315.572      315.288
        4.050         1.345      316.199      315.915      315.632      315.348      315.065      314.781      314.498
        4.040         1.355      315.408      315.125      314.841      314.558      314.274      313.991      313.707
        4.030         1.365      314.618      314.334      314.051      313.767      313.484      313.200      312.917
        4.020         1.375      313.827      313.544      313.260      312.977      312.693      312.410      312.126
        4.010         1.385      313.037      312.753      312.470      312.186      311.903      311.619      311.336
        4.000         1.395      312.246      311.963      311.679      311.396      311.112      310.829      310.545
        3.990         1.405      311.456      311.172      310.889      310.605      310.322      310.038      309.755
        3.980         1.415      310.665      310.382      310.098      309.815      309.531      309.248      308.964
        3.970         1.425      309.875      309.591      309.308      309.024      308.741      308.457      308.174
        3.960         1.435      309.084      308.801      308.517      308.234      307.950      307.667      307.383
        3.950         1.445      308.294      308.010      307.727      307.443      307.160      306.876      306.593
        3.940         1.455      307.503      307.220      306.936      306.653      306.369      306.086      305.802
        3.930         1.465      306.712      306.429      306.146      305.862      305.579      305.295      305.012
        3.920         1.475      305.922      305.638      305.355      305.072      304.788      304.505      304.221
        3.910         1.485      305.131      304.848      304.565      304.281      303.998      303.714      303.431
        3.900         1.495      304.341      304.057      303.774      303.491      303.207      302.924      302.640
        3.890         1.505      303.550      303.267      302.984      302.700      302.417      302.133      301.850
        3.880         1.515      302.760      302.476      302.193      301.910      301.626      301.343      301.059
        3.870         1.525      301.969      301.686      301.402      301.119      300.836      300.552      300.269
        3.860         1.535      301.179      300.895      300.612      300.328      300.045      299.762      299.478
        3.850         1.545      300.388      300.105      299.821      299.538      299.255      298.971      298.688
        3.840         1.555      299.598      299.314      299.031      298.747      298.464      298.181      297.897
        3.830         1.565      298.807      298.524      298.240      297.957      297.674      297.390      297.107
        3.820         1.575      298.017      297.733      297.450      297.166      296.883      296.600      296.316
        3.810         1.585      297.226      296.943      296.659      296.376      296.092      295.809      295.526
        3.800         1.595      296.435      296.152      295.869      295.585      295.302      295.018      294.735
        3.790         1.605      295.645      295.362      295.078      294.795      294.511      294.228      293.945
        3.780         1.615      294.854      294.571      294.288      294.004      293.721      293.437      293.154
        3.770         1.625      294.064      293.780      293.497      293.214      292.930      292.647      292.364
        3.760         1.635      293.273      292.990      292.707      292.423      292.140      291.856      291.573
        3.750         1.645      292.483      292.199      291.916      291.633      291.349      291.066      290.782
        3.740         1.655      291.692      291.409      291.125      290.842      290.559      290.275      289.992
        3.730         1.665      290.902      290.618      290.335      290.051      289.768      289.485      289.201
        3.720         1.675      290.111      289.828      289.544      289.261      288.978      288.694      288.411
        3.710         1.685      289.320      289.037      288.754      288.470      288.187      287.904      287.620
        3.700         1.695      288.530      288.246      287.963      287.680      287.396      287.113      286.830
        3.690         1.705      287.739      287.456      287.173      286.889      286.606      286.323      286.039
        3.680         1.715      286.949      286.665      286.382      286.099      285.815      285.532      285.249
        3.670         1.725      286.158      285.875      285.591      285.308      285.025      284.741      284.458
        3.660         1.735      285.368      285.084      284.801      284.518      284.234      283.951      283.667
        3.650         1.745      284.577      284.294      284.010      283.727      283.444      283.160      282.877
        3.640         1.755      283.786      283.503      283.220      282.936      282.653      282.370      282.087
        3.630         1.765      282.996      282.713      282.429      282.146      281.863      281.579      281.298
        3.620         1.775      282.205      281.922      281.639      281.355      281.072      280.789      280.510
        3.610         1.785      281.415      281.131      280.848      280.565      280.281      279.998      279.723
        3.600         1.795      280.624      280.341      280.057      279.774      279.491      279.209      278.937
        3.590         1.805      279.834      279.550      279.267      278.984      278.700      278.420      278.151
        3.580         1.815      279.043      278.760      278.476      278.193      277.910      277.633      277.366
        3.570         1.825      278.252      277.969      277.686      277.402      277.119      276.847      276.582
        3.560         1.835      277.462      277.178      276.895      276.612      276.331      276.061      275.799
        3.550         1.845      276.671      276.388      276.105      275.821      275.543      275.277      275.017
        3.540         1.855      275.881      275.597      275.314      275.031      274.757      274.494      274.236
        3.530         1.865      275.090      274.807      274.523      274.241      273.972      273.712      273.455
        3.520         1.875      274.299      274.016      273.733      273.453      273.189      272.931      272.675
        3.510         1.885      273.509      273.225      272.942      272.667      272.407      272.151      271.896
        3.500         1.895      272.718      272.435      272.152      271.883      271.626      271.371      271.118
        3.490         1.905      271.928      271.644      271.363      271.102      270.847      270.593      270.341
        3.480         1.915      271.140      270.854      270.578      270.322      270.069      269.816      269.564
        3.470         1.925      270.356      270.063      269.797      269.544      269.292      269.040      268.788
        3.460         1.935      269.577      269.272      269.021      268.769      268.517      268.265      268.013
        3.450         1.945      268.801      268.511      268.248      267.995      267.743      267.491      267.239
        3.440         1.955      268.030      267.750      267.480      267.224      266.971      266.718      266.466
        3.430         1.965      267.263      266.988      266.716      266.455      266.200      265.947      265.694
        3.420         1.975      266.500      266.227      265.954      265.688      265.430      265.176      264.922
        3.410         1.985      265.738      265.466      265.193      264.922      264.662      264.406      264.151
        3.400         1.995      264.977      264.704      264.432      264.159      263.895      263.637      263.381
        3.390         2.005      264.216      263.943      263.670      263.398      263.129      262.869      262.612
        3.380         2.015      263.454      263.182      262.909      262.636      262.365      262.102      261.844
        3.370         2.025      262.693      262.420      262.148      261.875      261.602      261.337      261.077
        3.360         2.035      261.932      261.659      261.386      261.114      260.841      260.572      260.310
        3.350         2.045      261.170      260.897      260.625      260.352      260.079      259.808      259.544
        3.340         2.055      260.409      260.136      259.863      259.591      259.318      259.046      258.779
        3.330         2.065      259.647      259.375      259.102      258.829      258.557      258.284      258.015
        3.320         2.075      258.886      258.613      258.341      258.068      257.795      257.523      257.251
        3.310         2.085      258.125      257.852      257.579      257.307      257.034      256.761      256.489
        3.300         2.095      257.363      257.091      256.818      256.545      256.273      256.000      255.727
        3.290         2.105      256.602      256.329      256.057      255.784      255.511      255.238      254.966
        3.280         2.115      255.840      255.568      255.295      255.023      254.750      254.477      254.204
        3.270         2.125      255.079      254.806      254.534      254.261      253.988      253.716      253.443
        3.260         2.135      254.318      254.045      253.772      253.500      253.227      252.954      252.682
        3.250         2.145      253.556      253.284      253.011      252.738      252.466      252.193      251.920
        3.240         2.155      252.795      252.522      252.250      251.977      251.704      251.431      251.159
        3.230         2.165      252.034      251.761      251.488      251.215      250.943      250.670      250.397
        3.220         2.175      251.272      250.999      250.727      250.454      250.181      249.909      249.636
        3.210         2.185      250.511      250.238      249.965      249.693      249.420      249.147      248.874
        3.200         2.195      249.749      249.477      249.204      248.931      248.658      248.386      248.113
        3.190         2.205      248.988      248.715      248.443      248.170      247.897      247.624      247.352
        3.180         2.215      248.226      247.954      247.681      247.408      247.136      246.863      246.590
        3.170         2.225      247.465      247.192      246.920      246.647      246.374      246.101      245.829
        3.160         2.235      246.704      246.431      246.158      245.885      245.613      245.340      245.067
        3.150         2.245      245.942      245.669      245.397      245.124      244.851      244.579      244.306
        3.140         2.255      245.181      244.908      244.635      244.363      244.090      243.817      243.543
        3.130         2.265      244.419      244.147      243.874      243.601      243.328      243.056      242.780
        3.120         2.275      243.658      243.385      243.112      242.840      242.567      242.294      242.016
        3.110         2.285      242.896      242.624      242.351      242.078      241.805      241.532      241.252
        3.100         2.295      242.135      241.862      241.589      241.317      241.044      240.770      240.486
        3.090         2.305      241.373      241.101      240.828      240.555      240.282      240.006      239.720
        3.080         2.315      240.612      240.339      240.066      239.794      239.521      239.242      238.953
        3.070         2.325      239.850      239.578      239.305      239.032      238.759      238.476      238.185
        3.060         2.335      239.089      238.816      238.544      238.271      237.996      237.709      237.416
        3.050         2.345      238.328      238.055      237.782      237.509      237.232      236.942      236.647
        3.040         2.355      237.566      237.293      237.021      236.748      236.466      236.173      235.876
        3.030         2.365      236.805      236.532      236.259      235.986      235.699      235.404      235.105
        3.020         2.375      236.043      235.770      235.498      235.221      234.930      234.633      234.333
        3.010         2.385      235.282      235.009      234.736      234.455      234.160      233.861      233.561
        3.000         2.395      234.520      234.247      233.975      233.687      233.389      233.089      232.787
        2.990         2.405      233.758      233.486      233.211      232.917      232.617      232.315      232.013
        2.980         2.415      232.994      232.724      232.444      232.145      231.843      231.541      231.238
        2.970         2.425      232.226      231.963      231.673      231.371      231.068      230.765      230.462
        2.960         2.435      231.454      231.201      230.898      230.595      230.292      229.988      229.685
        2.950         2.445      230.678      230.411      230.119      229.817      229.514      229.211      228.907
        2.940         2.455      229.897      229.622      229.336      229.037      228.735      228.432      228.129
        2.930         2.465      229.113      228.832      228.549      228.255      227.954      227.652      227.350
        2.920         2.475      228.325      228.042      227.759      227.470      227.172      226.872      226.570
        2.910         2.485      227.535      227.252      226.969      226.684      226.389      226.090      225.789
        2.900         2.495      226.746      226.463      226.179      225.896      225.605      225.308      225.008
        2.890         2.505      225.956      225.673      225.390      225.107      224.819      224.524      224.225
        2.880         2.515      225.166      224.883      224.600      224.317      224.032      223.739      223.442
        2.870         2.525      224.376      224.093      223.810      223.527      223.243      222.954      222.658
        2.860         2.535      223.586      223.303      223.020      222.737      222.454      222.167      221.873
        2.850         2.545      222.796      222.513      222.230      221.947      221.664      221.379      221.088
        2.840         2.555      222.007      221.724      221.440      221.157      220.874      220.591      220.302
        2.830         2.565      221.217      220.934      220.651      220.367      220.084      219.801      219.514
        2.820         2.575      220.427      220.144      219.861      219.578      219.294      219.011      218.726
        2.810         2.585      219.637      219.354      219.071      218.788      218.504      218.221      217.938
        2.800         2.595      218.847      218.564      218.281      217.998      217.715      217.431      217.148
        2.790         2.605      218.057      217.774      217.491      217.208      216.925      216.641      216.358
        2.780         2.615      217.267      216.984      216.701      216.418      216.135      215.851      215.568
        2.770         2.625      216.478      216.194      215.911      215.628      215.345      215.062      214.778
        2.760         2.635      215.688      215.404      215.121      214.838      214.555      214.272      213.988
        2.750         2.645      214.898      214.615      214.331      214.048      213.765      213.482      213.198
        2.740         2.655      214.108      213.825      213.541      213.258      212.975      212.692      212.408
        2.730         2.665      213.318      213.035      212.752      212.468      212.185      211.902      211.618
        2.720         2.675      212.528      212.245      211.962      211.678      211.395      211.112      210.828
        2.710         2.685      211.738      211.455      211.172      210.888      210.605      210.322      210.038
        2.700         2.695      210.948      210.665      210.382      210.098      209.815      209.532      209.248
        2.690         2.705      210.158      209.875      209.592      209.308      209.025      208.742      208.458
        2.680         2.715      209.368      209.085      208.802      208.518      208.235      207.952      207.668
        2.670         2.725      208.578      208.295      208.012      207.728      207.445      207.162      206.878
        2.660         2.735      207.788      207.505      207.222      206.938      206.655      206.372      206.088
        2.650         2.745      206.998      206.715      206.432      206.148      205.865      205.582      205.298
        2.640         2.755      206.208      205.925      205.642      205.358      205.075      204.792      204.508
        2.630         2.765      205.418      205.135      204.852      204.568      204.285      204.001      203.718
        2.620         2.775      204.628      204.345      204.062      203.778      203.495      203.211      202.928
        2.610         2.785      203.838      203.555      203.272      202.988      202.705      202.421      202.138
        2.600         2.795      203.048      202.765      202.481      202.198      201.915      201.631      201.348
        2.590         2.805      202.258      201.975      201.691      201.408      201.125      200.841      200.557
        2.580         2.815      201.468      201.185      200.901      200.618      200.334      200.051      199.767
        2.570         2.825      200.678      200.395      200.111      199.828      199.544      199.261      198.977
        2.560         2.835      199.888      199.604      199.321      199.038      198.754      198.471      198.187
        2.550         2.845      199.098      198.814      198.531      198.248      197.964      197.680      197.397
        2.540         2.855      198.308      198.024      197.741      197.457      197.174      196.890      196.607
        2.530         2.865      197.518      197.234      196.951      196.667      196.384      196.100      195.817
        2.520         2.875      196.727      196.444      196.161      195.877      195.594      195.310      195.026
        2.510         2.885      195.937      195.654      195.370      195.087      194.803      194.520      194.236
        2.500         2.895      195.147      194.864      194.580      194.297      194.013      193.730      193.446
        2.490         2.905      194.357      194.074      193.790      193.507      193.223      192.939      192.656
        2.480         2.915      193.567      193.283      193.000      192.716      192.433      192.149      191.865
        2.470         2.925      192.777      192.493      192.210      191.926      191.643      191.359      191.075
        2.460         2.935      191.987      191.703      191.420      191.136      190.852      190.569      190.285
        2.450         2.945      191.196      190.913      190.629      190.346      190.062      189.778      189.495
        2.440         2.955      190.406      190.123      189.839      189.556      189.272      188.988      188.704
        2.430         2.965      189.616      189.332      189.049      188.765      188.482      188.198      187.914
        2.420         2.975      188.826      188.542      188.259      187.975      187.691      187.408      187.124
        2.410         2.985      188.036      187.752      187.468      187.185      186.901      186.617      186.333
        2.400         2.995      187.245      186.962      186.678      186.394      186.111      185.827      185.543
        2.390         3.005      186.455      186.171      185.888      185.604      185.320      185.037      184.753
        2.380         3.015      185.665      185.381      185.098      184.814      184.530      184.246      183.962
        2.370         3.025      184.874      184.591      184.307      184.024      183.740      183.456      183.172
        2.360         3.035      184.084      183.801      183.517      183.233      182.949      182.666      182.382
        2.350         3.045      183.294      183.010      182.727      182.443      182.159      181.875      181.591
        2.340         3.055      182.504      182.220      181.936      181.653      181.369      181.085      180.801
        2.330         3.065      181.713      181.430      181.146      180.862      180.578      180.294      180.011
        2.320         3.075      180.923      180.639      180.356      180.072      179.788      179.504      179.220
        2.310         3.085      180.133      179.849      179.565      179.281      178.998      178.714      178.430
        2.300         3.095      179.342      179.059      178.775      178.491      178.207      177.923      177.639
        2.290         3.105      178.552      178.268      177.985      177.701      177.417      177.133      176.849
        2.280         3.115      177.762      177.478      177.194      176.910      176.626      176.342      176.058
        2.270         3.125      176.971      176.687      176.404      176.120      175.836      175.552      175.268
        2.260         3.135      176.181      175.897      175.613      175.329      175.045      174.761      174.478
        2.250         3.145      175.390      175.107      174.823      174.539      174.255      173.971      173.687
        2.240         3.155      174.600      174.316      174.032      173.748      173.465      173.181      172.896
        2.230         3.165      173.810      173.526      173.242      172.958      172.674      172.390      172.106
        2.220         3.175      173.019      172.735      172.451      172.168      171.884      171.600      171.315
        2.210         3.185      172.229      171.945      171.661      171.377      171.093      170.809      170.525
        2.200         3.195      171.438      171.154      170.871      170.587      170.303      170.019      169.734
        2.190         3.205      170.648      170.364      170.080      169.796      169.512      169.228      168.944
        2.180         3.215      169.857      169.574      169.290      169.006      168.722      168.437      168.153
        2.170         3.225      169.067      168.783      168.499      168.215      167.931      167.647      167.363
        2.160         3.235      168.276      167.992      167.709      167.425      167.140      166.856      166.573
        2.150         3.245      167.486      167.202      166.918      166.634      166.350      166.066      165.784
        2.140         3.255      166.695      166.411      166.127      165.843      165.559      165.275      164.996
        2.130         3.265      165.905      165.621      165.337      165.053      164.769      164.485      164.208
        2.120         3.275      165.114      164.830      164.546      164.262      163.978      163.695      163.422
        2.110         3.285      164.324      164.040      163.756      163.472      163.187      162.907      162.636
        2.100         3.295      163.533      163.249      162.965      162.681      162.397      162.119      161.851
        2.090         3.305      162.743      162.459      162.175      161.890      161.607      161.333      161.067
        2.080         3.315      161.952      161.668      161.384      161.100      160.818      160.547      160.283
        2.070         3.325      161.161      160.877      160.593      160.309      160.030      159.762      159.500
        2.060         3.335      160.371      160.087      159.803      159.518      159.243      158.979      158.719
        2.050         3.345      159.580      159.296      159.012      158.728      158.458      158.196      157.937
        2.040         3.355      158.790      158.505      158.221      157.940      157.675      157.415      157.157
        2.030         3.365      157.999      157.715      157.431      157.154      156.892      156.634      156.378
        2.020         3.375      157.208      156.924      156.640      156.370      156.111      155.854      155.599
        2.010         3.385      156.418      156.133      155.851      155.588      155.331      155.076      154.821
        2.000         3.395      155.630      155.343      155.066      154.808      154.553      154.298      154.044
        1.990         3.405      154.846      154.552      154.285      154.030      153.776      153.521      153.267
        1.980         3.415      154.066      153.761      153.508      153.254      153.000      152.746      152.492
        1.970         3.425      153.290      152.999      152.734      152.479      152.225      151.971      151.717
        1.960         3.435      152.518      152.236      151.965      151.707      151.452      151.197      150.943
        1.950         3.445      151.749      151.474      151.200      150.937      150.680      150.424      150.169
        1.940         3.455      150.985      150.711      150.437      150.169      149.909      149.653      149.397
        1.930         3.465      150.223      149.949      149.675      149.402      149.140      148.882      148.625
        1.920         3.475      149.460      149.186      148.912      148.638      148.372      148.112      147.854
        1.910         3.485      148.698      148.424      148.150      147.875      147.605      147.343      147.084
        1.900         3.495      147.935      147.661      147.387      147.113      146.840      146.575      146.315
        1.890         3.505      147.172      146.898      146.624      146.350      146.076      145.808      145.546
        1.880         3.515      146.410      146.136      145.862      145.587      145.313      145.043      144.778
        1.870         3.525      145.647      145.373      145.099      144.825      144.551      144.278      144.011
        1.860         3.535      144.885      144.611      144.336      144.062      143.788      143.514      143.245
        1.850         3.545      144.122      143.848      143.574      143.299      143.025      142.751      142.480
        1.840         3.555      143.359      143.085      142.811      142.537      142.262      141.988      141.715
        1.830         3.565      142.597      142.323      142.048      141.774      141.500      141.225      140.951
        1.820         3.575      141.834      141.560      141.286      141.011      140.737      140.463      140.188
        1.810         3.585      141.071      140.797      140.523      140.249      139.974      139.700      139.425
        1.800         3.595      140.309      140.035      139.760      139.486      139.212      138.937      138.663
        1.790         3.605      139.546      139.272      138.998      138.723      138.449      138.174      137.900
        1.780         3.615      138.783      138.509      138.235      137.961      137.686      137.412      137.137
        1.770         3.625      138.021      137.746      137.472      137.198      136.923      136.649      136.374
        1.760         3.635      137.258      136.984      136.709      136.435      136.161      135.886      135.611
        1.750         3.645      136.495      136.221      135.947      135.672      135.398      135.123      134.849
        1.740         3.655      135.732      135.458      135.184      134.910      134.635      134.360      134.086
        1.730         3.665      134.970      134.695      134.421      134.147      133.872      133.598      133.323
        1.720         3.675      134.207      133.933      133.658      133.384      133.109      132.835      132.560
        1.710         3.685      133.444      133.170      132.896      132.621      132.347      132.072      131.797
        1.700         3.695      132.681      132.407      132.133      131.858      131.584      131.309      131.034
        1.690         3.705      131.919      131.644      131.370      131.095      130.821      130.546      130.272
        1.680         3.715      131.156      130.881      130.607      130.333      130.058      129.783      129.509
        1.670         3.725      130.393      130.119      129.844      129.570      129.295      129.021      128.746
        1.660         3.735      129.630      129.356      129.081      128.807      128.532      128.258      127.982
        1.650         3.745      128.867      128.593      128.318      128.044      127.769      127.495      127.217
        1.640         3.755      128.104      127.830      127.556      127.281      127.006      126.732      126.452
        1.630         3.765      127.342      127.067      126.793      126.518      126.244      125.969      125.686
        1.620         3.775      126.579      126.304      126.030      125.755      125.481      125.205      124.919
        1.610         3.785      125.816      125.541      125.267      124.992      124.718      124.440      124.151
        1.600         3.795      125.053      124.778      124.504      124.229      123.955      123.674      123.383
        1.590         3.805      124.290      124.016      123.741      123.466      123.191      122.906      122.613
        1.580         3.815      123.527      123.253      122.978      122.704      122.427      122.138      121.843
        1.570         3.825      122.764      122.490      122.215      121.941      121.661      121.369      121.072
        1.560         3.835      122.001      121.727      121.452      121.178      120.894      120.599      120.301
        1.550         3.845      121.238      120.964      120.689      120.414      120.125      119.828      119.528
        1.540         3.855      120.475      120.201      119.926      119.648      119.355      119.056      118.755
        1.530         3.865      119.712      119.438      119.163      118.881      118.584      118.283      117.981
        1.520         3.875      118.949      118.675      118.400      118.111      117.812      117.509      117.206
        1.510         3.885      118.186      117.912      117.636      117.340      117.038      116.734      116.430
        1.500         3.895      117.420      117.149      116.867      116.566      116.262      115.958      115.653
        1.490         3.905      116.651      116.386      116.094      115.791      115.486      115.181      114.876
        1.480         3.915      115.877      115.623      115.318      115.013      114.708      114.403      114.098
        1.470         3.925      115.100      114.832      114.537      114.234      113.929      113.624      113.319
        1.460         3.935      114.318      114.040      113.753      113.452      113.148      112.844      112.539
        1.450         3.945      113.532      113.249      112.965      112.669      112.367      112.063      111.759
        1.440         3.955      112.743      112.458      112.174      111.883      111.583      111.281      110.977
        1.430         3.965      111.952      111.667      111.382      111.096      110.799      110.498      110.195
        1.420         3.975      111.161      110.876      110.591      110.306      110.013      109.714      109.412
        1.410         3.985      110.370      110.085      109.800      109.515      109.226      108.929      108.629
        1.400         3.995      109.578      109.294      109.009      108.724      108.438      108.143      107.844
        1.390         4.005      108.787      108.503      108.218      107.933      107.648      107.356      107.059
        1.380         4.015      107.996      107.711      107.427      107.142      106.857      106.568      106.273
        1.370         4.025      107.205      106.920      106.635      106.351      106.066      105.779      105.486
        1.360         4.035      106.414      106.129      105.844      105.559      105.274      104.989      104.698
        1.350         4.045      105.623      105.338      105.053      104.768      104.483      104.198      103.909
        1.340         4.055      104.831      104.547      104.262      103.977      103.692      103.407      103.120
        1.330         4.065      104.040      103.755      103.471      103.186      102.901      102.615      102.330
        1.320         4.075      103.249      102.964      102.679      102.394      102.109      101.824      101.539
        1.310         4.085      102.458      102.173      101.888      101.603      101.318      101.033      100.748
        1.300         4.095      101.666      101.382      101.097      100.812      100.527      100.242       99.956
        1.290         4.105      100.875      100.590      100.305      100.021       99.735       99.450       99.165
        1.280         4.115      100.084       99.799       99.514       99.229       98.944       98.659       98.374
        1.270         4.125       99.292       99.008       98.723       98.438       98.153       97.868       97.582
        1.260         4.135       98.501       98.216       97.931       97.647       97.361       97.076       96.791
        1.250         4.145       97.710       97.425       97.140       96.855       96.570       96.285       96.000
        1.240         4.155       96.918       96.634       96.349       96.064       95.779       95.494       95.208
        1.230         4.165       96.127       95.842       95.557       95.272       94.987       94.702       94.417
        1.220         4.175       95.336       95.051       94.766       94.481       94.196       93.911       93.626
        1.210         4.185       94.544       94.259       93.975       93.690       93.405       93.119       92.834
        1.200         4.195       93.753       93.468       93.183       92.898       92.613       92.328       92.043
        1.190         4.205       92.961       92.677       92.392       92.107       91.822       91.536       91.251
        1.180         4.215       92.170       91.885       91.600       91.315       91.030       90.745       90.460
        1.170         4.225       91.379       91.094       90.809       90.524       90.239       89.954       89.668
        1.160         4.235       90.587       90.302       90.017       89.732       89.447       89.162       88.877
        1.150         4.245       89.796       89.511       89.226       88.941       88.656       88.371       88.085
        1.140         4.255       89.004       88.719       88.434       88.149       87.864       87.579       87.294
        1.130         4.265       88.213       87.928       87.643       87.358       87.073       86.788       86.502
        1.120         4.275       87.421       87.136       86.851       86.566       86.281       85.996       85.711
        1.110         4.285       86.630       86.345       86.060       85.775       85.490       85.204       84.919
        1.100         4.295       85.838       85.553       85.268       84.983       84.698       84.413       84.128
        1.090         4.305       85.047       84.762       84.477       84.192       83.907       83.621       83.336
        1.080         4.315       84.255       83.970       83.685       83.400       83.115       82.830       82.544
        1.070         4.325       83.464       83.179       82.894       82.608       82.323       82.038       81.753
        1.060         4.335       82.672       82.387       82.102       81.817       81.532       81.246       80.961
        1.050         4.345       81.880       81.595       81.310       81.025       80.740       80.455       80.169
        1.040         4.355       81.089       80.804       80.519       80.234       79.948       79.663       79.378
        1.030         4.365       80.297       80.012       79.727       79.442       79.157       78.871       78.586
        1.020         4.375       79.506       79.221       78.936       78.650       78.365       78.080       77.794
        1.010         4.385       78.714       78.429       78.144       77.859       77.573       77.288       77.003
        1.000         4.395       77.922       77.637       77.352       77.067       76.782       76.496       76.211
        0.990         4.405       77.131       76.846       76.561       76.275       75.990       75.705       75.419
        0.980         4.415       76.339       76.054       75.769       75.484       75.198       74.913       74.628
        0.970         4.425       75.547       75.262       74.977       74.692       74.407       74.121       73.836
        0.960         4.435       74.756       74.471       74.185       73.900       73.615       73.330       73.044
        0.950         4.445       73.964       73.679       73.394       73.109       72.823       72.538       72.252
        0.940         4.455       73.172       72.887       72.602       72.317       72.031       71.746       71.461
        0.930         4.465       72.381       72.095       71.810       71.525       71.240       70.954       70.669
        0.920         4.475       71.589       71.304       71.019       70.733       70.448       70.163       69.877
        0.910         4.485       70.797       70.512       70.227       69.942       69.656       69.371       69.085
        0.900         4.495       70.005       69.720       69.435       69.150       68.864       68.579       68.293
        0.890         4.505       69.214       68.928       68.643       68.358       68.073       67.787       67.502
        0.880         4.515       68.422       68.137       67.851       67.566       67.281       66.995       66.710
        0.870         4.525       67.630       67.345       67.060       66.774       66.489       66.203       65.918
        0.860         4.535       66.838       66.553       66.268       65.982       65.697       65.412       65.126
        0.850         4.545       66.046       65.761       65.476       65.191       64.905       64.620       64.334
        0.840         4.555       65.255       64.969       64.684       64.399       64.113       63.828       63.542
        0.830         4.565       64.463       64.178       63.892       63.607       63.321       63.036       62.750
        0.820         4.575       63.671       63.386       63.100       62.815       62.530       62.244       61.959
        0.810         4.585       62.879       62.594       62.308       62.023       61.738       61.452       61.167
        0.800         4.595       62.087       61.802       61.517       61.231       60.946       60.660       60.375
        0.790         4.605       61.295       61.010       60.725       60.439       60.154       59.868       59.583
        0.780         4.615       60.503       60.218       59.933       59.647       59.362       59.076       58.791
        0.770         4.625       59.711       59.426       59.141       58.855       58.570       58.284       57.999
        0.760         4.635       58.920       58.634       58.349       58.063       57.778       57.492       57.207
        0.750         4.645       58.128       57.842       57.557       57.271       56.986       56.700       56.415
        0.740         4.655       57.336       57.050       56.765       56.480       56.194       55.908       55.623
        0.730         4.665       56.544       56.258       55.973       55.688       55.402       55.116       54.831
        0.720         4.675       55.752       55.466       55.181       54.896       54.610       54.324       54.039
        0.710         4.685       54.960       54.674       54.389       54.104       53.818       53.532       53.247
        0.700         4.695       54.168       53.882       53.597       53.312       53.026       52.740       52.455
        0.690         4.705       53.376       53.090       52.805       52.519       52.234       51.948       51.663
        0.680         4.715       52.584       52.298       52.013       51.727       51.442       51.156       50.872
        0.670         4.725       51.792       51.506       51.221       50.935       50.650       50.364       50.081
        0.660         4.735       51.000       50.714       50.429       50.143       49.858       49.572       49.291
        0.650         4.745       50.208       49.922       49.637       49.351       49.066       48.780       48.503
        0.640         4.755       49.416       49.130       48.845       48.559       48.274       47.989       47.714
        0.630         4.765       48.624       48.338       48.053       47.767       47.481       47.199       46.927
        0.620         4.775       47.832       47.546       47.261       46.975       46.689       46.410       46.141
        0.610         4.785       47.039       46.754       46.468       46.183       45.898       45.622       45.355
        0.600         4.795       46.247       45.962       45.676       45.391       45.107       44.835       44.570
        0.590         4.805       45.455       45.170       44.884       44.599       44.318       44.049       43.786
        0.580         4.815       44.663       44.378       44.092       43.806       43.530       43.264       43.002
        0.570         4.825       43.871       43.585       43.300       43.015       42.743       42.480       42.220
        0.560         4.835       43.079       42.793       42.508       42.225       41.958       41.697       41.438
        0.550         4.845       42.287       42.001       41.716       41.438       41.174       40.915       40.657
        0.540         4.855       41.494       41.209       40.923       40.652       40.392       40.133       39.876
        0.530         4.865       40.702       40.417       40.133       39.869       39.610       39.353       39.097
        0.520         4.875       39.913       39.625       39.346       39.087       38.830       38.574       38.318
        0.510         4.885       39.127       38.832       38.563       38.307       38.051       37.796       37.542
        0.500         4.895       38.346       38.040       37.785       37.529       37.274       37.019       36.766
        0.490         4.905       37.568       37.276       37.010       36.754       36.498       36.242       35.993
        0.480         4.915       36.795       36.512       36.239       35.980       35.723       35.467       35.222
        0.470         4.925       36.025       35.748       35.472       35.208       34.950       34.694       34.452
        0.460         4.935       35.259       34.984       34.708       34.438       34.178       33.924       33.683
        0.450         4.945       34.495       34.220       33.944       33.671       33.407       33.155       32.915
        0.440         4.955       33.731       33.456       33.180       32.905       32.638       32.389       32.147
        0.430         4.965       32.967       32.692       32.416       32.140       31.872       31.625       31.381
        0.420         4.975       32.203       31.927       31.652       31.376       31.108       30.862       30.615
        0.410         4.985       31.439       31.163       30.888       30.612       30.348       30.100       29.850
        0.400         4.995       30.675       30.399       30.124       29.849       29.591       29.339       29.085
        0.390         5.005       29.910       29.635       29.359       29.088       28.835       28.579       28.322
        0.380         5.015       29.146       28.871       28.595       28.329       28.079       27.820       27.559
        0.370         5.025       28.382       28.107       27.831       27.574       27.323       27.061       26.797
        0.360         5.035       27.618       27.342       27.069       26.820       26.568       26.303       26.036
        0.350         5.045       26.857       26.578       26.312       26.069       25.812       25.545       25.276
        0.340         5.055       26.102       25.814       25.560       25.317       25.056       24.788       24.516
        0.330         5.065       25.351       25.050       24.812       24.565       24.300       24.030       23.757
        0.320         5.075       24.605       24.321       24.070       23.814       23.544       23.272       22.998
        0.310         5.085       23.864       23.593       23.331       23.062       22.788       22.514       22.238
        0.300         5.095       23.125       22.864       22.592       22.310       22.032       21.755       21.479
        0.290         5.105       22.386       22.136       21.851       21.559       21.276       20.997       20.720
        0.280         5.115       21.644       21.407       21.106       20.807       20.520       20.239       19.960
        0.270         5.125       20.897       20.643       20.355       20.055       19.765       19.481       19.201
        0.260         5.135       20.145       19.878       19.599       19.303       19.009       18.723       18.442
        0.250         5.145       19.388       19.114       18.838       18.548       18.253       17.965       17.682
        0.240         5.155       18.625       18.350       18.074       17.791       17.497       17.207       16.923
        0.230         5.165       17.861       17.585       17.309       17.031       16.740       16.449       16.163
        0.220         5.175       17.097       16.821       16.545       16.269       15.983       15.691       15.404
        0.210         5.185       16.332       16.056       15.781       15.505       15.223       14.933       14.645
        0.200         5.195       15.568       15.292       15.016       14.740       14.462       14.174       13.885
        0.190         5.205       14.803       14.528       14.252       13.976       13.700       13.415       13.128
        0.180         5.215       14.039       13.763       13.487       13.211       12.935       12.655       12.392
        0.170         5.225       13.274       12.999       12.723       12.447       12.171       11.893       11.676
        0.160         5.235       12.510       12.234       11.958       11.682       11.406       11.130       10.981
        0.150         5.245       11.746       11.470       11.194       10.918       10.642       10.371       10.306
        0.140         5.255       10.981       10.705       10.429       10.153        9.877        9.637        9.652
        0.130         5.265       10.217        9.941        9.665        9.389        9.113        8.929        9.020
        0.120         5.275        9.452        9.176        8.900        8.624        8.348        8.249        8.408
        0.110         5.285        8.687        8.412        8.136        7.860        7.593        7.596        7.816
        0.100         5.295        7.923        7.647        7.371        7.095        6.872        6.970        7.246
        0.090         5.305        7.158        6.882        6.606        6.330        6.187        6.370        6.698
        0.080         5.315        6.394        6.118        5.842        5.566        5.538        5.797        6.172
        0.070         5.325        5.629        5.353        5.077        4.819        4.924        5.252        5.666
        0.060         5.335        4.864        4.588        4.312        4.125        4.348        4.733        5.182
        0.050         5.345        4.100        3.824        3.548        3.485        3.806        4.241        4.720
        0.040         5.355        3.335        3.059        2.783        2.899        3.302        3.776        4.280
        0.030         5.365        2.572        2.294        2.062        2.367        2.832        3.338        3.861
        0.020         5.375        1.881        1.530        1.449        1.888        2.399        2.928        3.464
        0.010         5.385        1.298         .765         .944        1.464        2.001        2.544        3.088
        0.000         5.395         .823         .000         .547        1.094        1.640        2.187        2.734
